604.33 0.009021628822297725
604.66 0.01029449347147598
605.0 0.009701734849083437
605.33 0.009073944670512011
605.67 0.009771489313369151
606.0 0.010730458873261694
606.34 0.009875966685761694
606.67 0.009841243777654867
607.01 0.010015475614333122
607.34 0.009754050697297723
607.68 0.009893405301833124
608.01 0.009858682393726297
608.35 0.009719173465154867
608.68 0.009858682393726297
609.02 0.009597103152654867
609.35 0.01029449347147598
609.69 0.009893405301833124
610.02 0.009666857616940581
610.36 0.009719173465154867
610.69 0.010224739007190264
611.03 0.009056506054440581
611.36 0.009178576366940581
611.69 0.010277054855404552
612.03 0.008847242661583437
612.36 0.010242177623261694
612.7 0.009771489313369151
613.03 0.009841243777654867
613.37 0.010224739007190264
613.7 0.009457594224083439
614.03 0.008951874358012011
614.37 0.009213453599083439
614.7 0.009457594224083439
615.04 0.00992828253397598
615.37 0.00968429623301201
615.7 0.009352962527654867
616.04 0.009666857616940581
616.37 0.009091383286583439
616.7 0.010102668694690266
617.04 0.00931808529551201
617.37 0.01052119548040455
617.7 0.009736612081226295
618.04 0.009265769447297723
618.37 0.009875966685761694
618.71 0.009719173465154867
619.04 0.009910843917904552
619.37 0.009387839759797725
619.7 0.010189861775047408
620.04 0.009980598382190266
620.37 0.010120107310761694
620.7 0.009893405301833124
621.04 0.009475032840154867
621.37 0.010277054855404552
621.7 0.01064326579290455
622.04 0.009352962527654867
622.37 0.009422716991940581
622.7 0.009841243777654867
623.04 0.010277054855404552
623.37 0.01005035284647598
623.7 0.009963159766118838
624.03 0.009213453599083439
624.37 0.009771489313369151
624.7 0.010486318248261694
625.03 0.009387839759797725
625.36 0.009841243777654867
625.7 0.009858682393726297
626.03 0.009352962527654867
626.36 0.009265769447297723
626.69 0.010364247935761694
627.03 0.01031193208754741
627.36 0.009422716991940581
627.69 0.009719173465154867
628.02 0.010032914230404552
628.35 0.009039067438369153
628.69 0.010434002400047408
629.02 0.009457594224083439
629.35 0.009963159766118838
629.68 0.009893405301833124
630.01 0.010207300391118836
630.35 0.010015475614333122
630.68 0.009370401143726297
631.01 0.009823805161583439
631.34 0.009631980384797723
631.67 0.01064326579290455
632.0 0.010730458873261694
632.34 0.009893405301833124
632.67 0.009597103152654867
633.0 0.010259616239333122
633.33 0.009527348688369153
633.66 0.00956222592051201
633.99 0.010817651953618838
634.32 0.008899558509797723
634.65 0.009806366545512011
634.99 0.010346809319690266
635.32 0.00992828253397598
635.65 0.010381686551833124
635.98 0.01052119548040455
636.31 0.010573511328618836
636.64 0.010468879632190266
636.97 0.009701734849083437
637.3 0.009143699134797725
637.63 0.00919601498301201
637.96 0.009963159766118838
638.3 0.00992828253397598
638.63 0.008794926813369153
638.96 0.009823805161583439
639.29 0.010137545926833122
639.62 0.009143699134797725
639.95 0.010364247935761694
640.28 0.01041656378397598
640.61 0.009841243777654867
640.94 0.009265769447297723
641.27 0.009579664536583439
641.6 0.009370401143726297
641.93 0.010329370703618838
642.26 0.009823805161583439
642.59 0.010259616239333122
642.92 0.009719173465154867
643.25 0.010032914230404552
643.58 0.01015498454290455
643.91 0.009893405301833124
644.24 0.009614541768726295
644.57 0.010695581641118836
644.9 0.010399125167904552
645.23 0.009858682393726297
645.56 0.010468879632190266
645.89 0.010032914230404552
646.22 0.009998036998261694
646.55 0.010678143025047408
646.88 0.010346809319690266
647.21 0.010224739007190264
647.54 0.009980598382190266
647.87 0.01031193208754741
648.2 0.01041656378397598
648.52 0.010399125167904552
648.85 0.011707021373261694
649.18 0.010277054855404552
649.51 0.009335523911583437
649.84 0.010120107310761694
650.17 0.01114898565897598
650.5 0.010713020257190266
650.83 0.010957160882190266
651.16 0.01102691534647598
651.49 0.010713020257190266
651.81 0.011445442132190266
652.14 0.009980598382190266
652.47 0.00968429623301201
652.8 0.010869967801833122
653.13 0.009631980384797723
653.46 0.010678143025047408
653.79 0.01113154704290455
654.12 0.009475032840154867
654.44 0.009945721150047408
654.77 0.009614541768726295
655.1 0.010207300391118836
655.43 0.010468879632190266
655.76 0.01015498454290455
656.09 0.009980598382190266
656.41 0.010207300391118836
656.74 0.009475032840154867
657.07 0.01052119548040455
657.4 0.00956222592051201
657.73 0.010137545926833122
658.05 0.009754050697297723
658.38 0.00992828253397598
658.71 0.010346809319690266
659.04 0.011079231194690264
659.36 0.01064326579290455
659.69 0.009004190206226297
660.02 0.009858682393726297
660.35 0.008847242661583437
660.68 0.009858682393726297
661.0 0.009893405301833124
661.33 0.00992828253397598
661.66 0.009980598382190266
661.99 0.009719173465154867
662.31 0.010224739007190264
662.64 0.009614541768726295
662.97 0.009579664536583439
663.29 0.01017242315897598
663.62 0.010137545926833122
663.95 0.009771489313369151
664.28 0.01005035284647598
664.6 0.009701734849083437
664.93 0.010625827176833122
665.26 0.011061792578618836
665.58 0.009823805161583439
665.91 0.009527348688369153
666.24 0.010102668694690266
666.56 0.009806366545512011
666.89 0.009910843917904552
667.22 0.009823805161583439
667.54 0.00968429623301201
667.87 0.010067791462547408
668.2 0.010852529185761694
668.52 0.011253617355404552
668.85 0.010486318248261694
669.18 0.010329370703618838
669.5 0.01029449347147598
669.83 0.009893405301833124
670.15 0.011567512444690264
670.48 0.009631980384797723
670.81 0.009527348688369153
671.13 0.009440155608012011
671.46 0.010434002400047408
671.79 0.01029449347147598
672.11 0.01100947673040455
672.44 0.010242177623261694
672.76 0.011375687667904552
673.09 0.009998036998261694
673.41 0.01029449347147598
673.74 0.010835090569690266
674.07 0.010189861775047408
674.39 0.010242177623261694
674.72 0.009858682393726297
675.04 0.01029449347147598
675.37 0.010346809319690266
675.69 0.010120107310761694
676.02 0.01041656378397598
676.34 0.009858682393726297
676.67 0.010277054855404552
676.99 0.00956222592051201
677.32 0.010137545926833122
677.64 0.010468879632190266
677.97 0.01015498454290455
678.3 0.010120107310761694
678.62 0.011183862891118838
678.95 0.008899558509797723
679.27 0.010364247935761694
679.59 0.010102668694690266
679.92 0.00956222592051201
680.24 0.009893405301833124
680.57 0.009387839759797725
680.89 0.010800213337547408
681.22 0.010887406417904552
681.54 0.011515196596475978
681.87 0.010067791462547408
682.19 0.010835090569690266
682.52 0.010590949944690264
682.84 0.009771489313369151
683.17 0.009248330831226295
683.49 0.009806366545512011
683.81 0.010277054855404552
684.14 0.009963159766118838
684.46 0.010608388560761694
684.79 0.01102691534647598
685.11 0.01064326579290455
685.43 0.010434002400047408
685.76 0.009875966685761694
686.08 0.01015498454290455
686.41 0.010364247935761694
686.73 0.010451441016118838
687.05 0.010242177623261694
687.38 0.009701734849083437
687.7 0.010364247935761694
688.02 0.009875966685761694
688.35 0.009719173465154867
688.67 0.010503756864333122
689.0 0.010120107310761694
689.32 0.010730458873261694
689.64 0.010992038114333122
689.97 0.01015498454290455
690.29 0.010800213337547408
690.61 0.010381686551833124
690.93 0.011846530301833122
691.26 0.010590949944690264
691.58 0.009422716991940581
691.9 0.010625827176833122
692.23 0.010434002400047408
692.55 0.010346809319690266
692.87 0.010590949944690264
693.2 0.010713020257190266
693.52 0.010381686551833124
693.84 0.010835090569690266
694.16 0.009980598382190266
694.49 0.010678143025047408
694.81 0.009788927929440581
695.13 0.01090484503397598
695.45 0.010381686551833124
695.78 0.01053863409647598
696.1 0.009806366545512011
696.42 0.01064326579290455
696.74 0.010242177623261694
697.07 0.011340810435761694
697.39 0.010713020257190266
697.71 0.012020762138511377
698.03 0.010974599498261694
698.36 0.009771489313369151
698.68 0.010277054855404552
699.0 0.010224739007190264
699.32 0.010067791462547408
699.64 0.010329370703618838
699.97 0.011462880748261694