604.33 0.009021628822297725
604.66 0.01029449347147598
605.0 0.009701734849083437
605.33 0.009073944670512011
605.67 0.009771489313369151
606.0 0.010730458873261694
606.34 0.009875966685761694
606.67 0.009841243777654867
607.01 0.010015475614333122
607.34 0.009754050697297723
607.68 0.009893405301833124
608.01 0.009858682393726297
608.35 0.009719173465154867
608.68 0.009858682393726297
609.02 0.009597103152654867
609.35 0.01029449347147598
609.69 0.009893405301833124
610.02 0.009666857616940581
610.36 0.009719173465154867
610.69 0.010224739007190264
611.03 0.009056506054440581
611.36 0.009178576366940581
611.69 0.010277054855404552
612.03 0.008847242661583437
612.36 0.010242177623261694
612.7 0.009771489313369151
613.03 0.009841243777654867
613.37 0.010224739007190264
613.7 0.009457594224083439
614.03 0.008951874358012011
614.37 0.009213453599083439
614.7 0.009457594224083439
615.04 0.00992828253397598
615.37 0.00968429623301201
615.7 0.009352962527654867
616.04 0.009666857616940581
616.37 0.009091383286583439
616.7 0.010102668694690266
617.04 0.00931808529551201
617.37 0.01052119548040455
617.7 0.009736612081226295
618.04 0.009265769447297723
618.37 0.009875966685761694
618.71 0.009719173465154867
619.04 0.009910843917904552
619.37 0.009387839759797725
619.7 0.010189861775047408
620.04 0.009980598382190266
620.37 0.010120107310761694
620.7 0.009893405301833124
621.04 0.009475032840154867
621.37 0.010277054855404552
621.7 0.01064326579290455
622.04 0.009352962527654867
622.37 0.009422716991940581
622.7 0.009841243777654867
623.04 0.010277054855404552
623.37 0.01005035284647598
623.7 0.009963159766118838
624.03 0.009213453599083439
624.37 0.009771489313369151
624.7 0.010486318248261694
625.03 0.009387839759797725
625.36 0.009841243777654867
625.7 0.009858682393726297
626.03 0.009352962527654867
626.36 0.009265769447297723
626.69 0.010364247935761694
627.03 0.01031193208754741
627.36 0.009422716991940581
627.69 0.009719173465154867
628.02 0.010032914230404552
628.35 0.009039067438369153
628.69 0.010434002400047408
629.02 0.009457594224083439
629.35 0.009963159766118838
629.68 0.009893405301833124
630.01 0.010207300391118836
630.35 0.010015475614333122
630.68 0.009370401143726297
631.01 0.009823805161583439
631.34 0.009631980384797723
631.67 0.01064326579290455
632.0 0.010730458873261694
632.34 0.009893405301833124
632.67 0.009597103152654867
633.0 0.010259616239333122
633.33 0.009527348688369153
633.66 0.00956222592051201
633.99 0.010817651953618838
634.32 0.008899558509797723
634.65 0.009806366545512011
634.99 0.010346809319690266
635.32 0.00992828253397598
635.65 0.010381686551833124
635.98 0.01052119548040455
636.31 0.010573511328618836
636.64 0.010468879632190266
636.97 0.009701734849083437
637.3 0.009143699134797725
637.63 0.00919601498301201
637.96 0.009963159766118838
638.3 0.00992828253397598
638.63 0.008794926813369153
638.96 0.009823805161583439
639.29 0.010137545926833122
639.62 0.009143699134797725
639.95 0.010364247935761694
640.28 0.01041656378397598
640.61 0.009841243777654867
640.94 0.009265769447297723
641.27 0.009579664536583439
641.6 0.009370401143726297
641.93 0.010329370703618838
642.26 0.009823805161583439
642.59 0.010259616239333122
642.92 0.009719173465154867
643.25 0.010032914230404552
643.58 0.01015498454290455
643.91 0.009893405301833124
644.24 0.009614541768726295
644.57 0.010695581641118836
644.9 0.010399125167904552
645.23 0.009858682393726297
645.56 0.010468879632190266
645.89 0.010032914230404552
646.22 0.009998036998261694
646.55 0.010678143025047408
646.88 0.010346809319690266
647.21 0.010224739007190264
647.54 0.009980598382190266
647.87 0.01031193208754741
648.2 0.01041656378397598
648.52 0.010399125167904552
648.85 0.011707021373261694
649.18 0.010277054855404552
649.51 0.009335523911583437
649.84 0.010120107310761694
650.17 0.01114898565897598
650.5 0.010713020257190266
650.83 0.010957160882190266
651.16 0.01102691534647598
651.49 0.010713020257190266
651.81 0.011445442132190266
652.14 0.009980598382190266
652.47 0.00968429623301201
652.8 0.010869967801833122
653.13 0.009631980384797723
653.46 0.010678143025047408
653.79 0.01113154704290455
654.12 0.009475032840154867
654.44 0.009945721150047408
654.77 0.009614541768726295
655.1 0.010207300391118836
655.43 0.010468879632190266
655.76 0.01015498454290455
656.09 0.009980598382190266
656.41 0.010207300391118836
656.74 0.009475032840154867
657.07 0.01052119548040455
657.4 0.00956222592051201
657.73 0.010137545926833122
658.05 0.009754050697297723
658.38 0.00992828253397598
658.71 0.010346809319690266
659.04 0.011079231194690264
659.36 0.01064326579290455
659.69 0.009004190206226297
660.02 0.009858682393726297
660.35 0.008847242661583437
660.68 0.009858682393726297
661.0 0.009893405301833124
661.33 0.00992828253397598
661.66 0.009980598382190266
661.99 0.009719173465154867
662.31 0.010224739007190264
662.64 0.009614541768726295
662.97 0.009579664536583439
663.29 0.01017242315897598
663.62 0.010137545926833122
663.95 0.009771489313369151
664.28 0.01005035284647598
664.6 0.009701734849083437
664.93 0.010625827176833122
665.26 0.011061792578618836
665.58 0.009823805161583439
665.91 0.009527348688369153
666.24 0.010102668694690266
666.56 0.009806366545512011
666.89 0.009910843917904552
667.22 0.009823805161583439
667.54 0.00968429623301201
667.87 0.010067791462547408
668.2 0.010852529185761694
668.52 0.011253617355404552
668.85 0.010486318248261694
669.18 0.010329370703618838
669.5 0.01029449347147598
669.83 0.009893405301833124
670.15 0.011567512444690264
670.48 0.009631980384797723
670.81 0.009527348688369153
671.13 0.009440155608012011
671.46 0.010434002400047408
671.79 0.01029449347147598
672.11 0.01100947673040455
672.44 0.010242177623261694
672.76 0.011375687667904552
673.09 0.009998036998261694
673.41 0.01029449347147598
673.74 0.010835090569690266
674.07 0.010189861775047408
674.39 0.010242177623261694
674.72 0.009858682393726297
675.04 0.01029449347147598
675.37 0.010346809319690266
675.69 0.010120107310761694
676.02 0.01041656378397598
676.34 0.009858682393726297
676.67 0.010277054855404552
676.99 0.00956222592051201
677.32 0.010137545926833122
677.64 0.010468879632190266
677.97 0.01015498454290455
678.3 0.010120107310761694
678.62 0.011183862891118838
678.95 0.008899558509797723
679.27 0.010364247935761694
679.59 0.010102668694690266
679.92 0.00956222592051201
680.24 0.009893405301833124
680.57 0.009387839759797725
680.89 0.010800213337547408
681.22 0.010887406417904552
681.54 0.011515196596475978
681.87 0.010067791462547408
682.19 0.010835090569690266
682.52 0.010590949944690264
682.84 0.009771489313369151
683.17 0.009248330831226295
683.49 0.009806366545512011
683.81 0.010277054855404552
684.14 0.009963159766118838
684.46 0.010608388560761694
684.79 0.01102691534647598
685.11 0.01064326579290455
685.43 0.010434002400047408
685.76 0.009875966685761694
686.08 0.01015498454290455
686.41 0.010364247935761694
686.73 0.010451441016118838
687.05 0.010242177623261694
687.38 0.009701734849083437
687.7 0.010364247935761694
688.02 0.009875966685761694
688.35 0.009719173465154867
688.67 0.010503756864333122
689.0 0.010120107310761694
689.32 0.010730458873261694
689.64 0.010992038114333122
689.97 0.01015498454290455
690.29 0.010800213337547408
690.61 0.010381686551833124
690.93 0.011846530301833122
691.26 0.010590949944690264
691.58 0.009422716991940581
691.9 0.010625827176833122
692.23 0.010434002400047408
692.55 0.010346809319690266
692.87 0.010590949944690264
693.2 0.010713020257190266
693.52 0.010381686551833124
693.84 0.010835090569690266
694.16 0.009980598382190266
694.49 0.010678143025047408
694.81 0.009788927929440581
695.13 0.01090484503397598
695.45 0.010381686551833124
695.78 0.01053863409647598
696.1 0.009806366545512011
696.42 0.01064326579290455
696.74 0.010242177623261694
697.07 0.011340810435761694
697.39 0.010713020257190266
697.71 0.012020762138511377
698.03 0.010974599498261694
698.36 0.009771489313369151
698.68 0.010277054855404552
699.0 0.010224739007190264
699.32 0.010067791462547408
699.64 0.010329370703618838
699.97 0.011462880748261694
700.29 0.010852529185761694
700.61 0.010468879632190266
700.93 0.010678143025047408
701.25 0.010346809319690266
701.57 0.011305933203618838
701.9 0.010730458873261694
702.22 0.010468879632190266
702.54 0.010695581641118836
702.86 0.010713020257190266
703.18 0.010120107310761694
703.5 0.011201301507190266
703.82 0.01064326579290455
704.14 0.011933569058154235
704.47 0.011654705525047408
704.79 0.01163726690897598
705.11 0.010346809319690266
705.43 0.011305933203618838
705.75 0.010922283650047408
706.07 0.010765336105404552
706.39 0.010399125167904552
706.71 0.01031193208754741
707.03 0.010747897489333124
707.35 0.010573511328618836
707.68 0.010939722266118836
708.0 0.010747897489333124
708.32 0.010957160882190266
708.64 0.010974599498261694
708.96 0.011061792578618836
709.28 0.011776775837547408
709.6 0.01102691534647598
709.92 0.010678143025047408
710.24 0.010922283650047408
710.56 0.01100947673040455
710.88 0.011410564900047408
711.2 0.011410564900047408
711.52 0.012247464147439949
711.84 0.011358249051833122
712.16 0.01210795521886852
712.48 0.011707021373261694
712.8 0.011340810435761694
713.12 0.01116642427504741
713.44 0.01188140753397598
713.76 0.01186396891790455
714.08 0.012369534459939949
714.4 0.012892692942082805
714.72 0.01175933722147598
715.04 0.01163726690897598
715.36 0.011741898605404552
715.68 0.011218740123261694
716.0 0.01186396891790455
716.32 0.011462880748261694
716.64 0.01186396891790455
716.95 0.011044353962547408
717.27 0.012334657227797093
717.59 0.011811653069690266
717.91 0.01308451771886852
718.23 0.013032201870654235
718.55 0.011741898605404552
718.87 0.011410564900047408
719.19 0.01247416615636852
719.51 0.012439288924225663
719.83 0.012404411692082807
720.14 0.012526482004582807
720.46 0.012648552317082807
720.78 0.012509043388511379
721.1 0.012857815709939949
721.42 0.01296244740636852
721.74 0.012927570174225664
722.06 0.01235209584386852
722.38 0.013258903879582807
722.69 0.012857815709939949
723.01 0.01332865834386852
723.33 0.014026048662689633
723.65 0.014305066519832491
723.97 0.013799500977797093
724.29 0.014950295314475347
724.6 0.014514329912689633
724.92 0.015316506251975347
725.24 0.014653838841261061
725.56 0.014462014064475347
725.88 0.01540369933233249
726.19 0.014688716073403918
726.51 0.015386260716261061
726.83 0.01624059857972503
727.15 0.015979019338653602
727.46 0.016537055052939315
727.78 0.015386260716261061
728.1 0.015752471653761063
728.42 0.016624248133296462
728.73 0.016641686749367886
729.05 0.015456015180546775
729.37 0.016327791660082174
729.69 0.016310353044010746
730.0 0.017583372017225034
730.32 0.017408985856510746
730.64 0.01812381479140329
730.96 0.017897267106510746
731.27 0.019379395148546145
731.59 0.018176130639617573
731.91 0.018245885103903285
732.22 0.019361956532474717
732.54 0.01976304470211757
732.86 0.01976304470211757
733.17 0.019379395148546145
733.49 0.020582505333438684
733.81 0.02117541827986726
734.12 0.02075689149415297
734.44 0.020687137029867256
734.76 0.020739452878081543
735.07 0.0208964004227244
735.39 0.021524190601295828
735.71 0.021698576762010112
736.02 0.020547628101295828
736.34 0.020948716270938684
736.66 0.0219950332352244
736.97 0.022413405696902654
737.29 0.022029756143331226
737.6 0.023616670205831226
737.92 0.022797055250474083
738.24 0.02248316016118837
738.55 0.022954002795116942
738.87 0.023616670205831226
739.18 0.023372529580831226
739.5 0.022640107705831226
739.82 0.024261744676438053
740.13 0.024104797131795197
740.45 0.024680271462152337
740.76 0.02412223574786662
741.08 0.024017758375474083
741.39 0.023948003911188367
741.71 0.023982881143331226
742.02 0.02344228404511694
742.34 0.025116236863938053
742.66 0.024680271462152337
742.97 0.02576146565858091
743.29 0.02537781610500948
743.6 0.02494185070322377
743.92 0.02476746454250948
744.23 0.025116236863938053
744.55 0.026023044899652337
744.86 0.025726588426438053
745.18 0.026057767807759164
745.49 0.02586609735500948
745.81 0.027086646155973452
746.12 0.026790189682759164
746.44 0.026458855977402024
746.75 0.026894821379187736
747.06 0.027086646155973452
747.38 0.026511171825616308
747.69 0.027714436334544876
748.01 0.028220001876580275
748.32 0.02841182665336599
748.64 0.02856877419800885
748.95 0.028010892807759164
749.27 0.028010892807759164
749.58 0.028725721742651707
749.89 0.02944070500158028
750.21 0.029423266385508847
750.52 0.03062637657040139
750.84 0.029580213930151707
751.15 0.03026016563290139
751.46 0.029859231787294563
751.78 0.03026016563290139
752.09 0.03137623706147282
752.41 0.031585500454329965
752.72 0.03160293907040139
753.03 0.03259678586243679
753.35 0.03311994434457965
753.66 0.03332920773743679
753.97 0.033765173139222504
754.29 0.03287580371957965
754.6 0.034741581315186475
754.91 0.03495084470804361
755.23 0.03472414269911504
755.54 0.03599716167232933
755.85 0.03622370935722187
756.17 0.03575302104732933
756.48 0.03664223614293616
756.79 0.03751416694650758
757.11 0.038874224676042984
757.42 0.03988566440818584
757.73 0.040635370575221236
758.05 0.03971127824747155
758.36 0.0399205416403287
758.67 0.040269159637721236
758.98 0.042274446161899494
759.3 0.04239651647439949
759.61 0.043198692813685206
759.92 0.04426229407000632
760.23 0.043373078974399494
760.55 0.04537836549857775
760.86 0.04588408536464918
761.17 0.047017441085256004
761.48 0.04743596787097029
761.8 0.04781961742454172
762.11 0.047523160951327435
762.42 0.04919711377014854
762.73 0.0508361893568268
763.05 0.05212664694611251
763.36 0.052858914497076484
763.67 0.0524403877113622
763.98 0.05278916003279077
764.29 0.055108341646254735
764.6 0.05411449485421935
764.92 0.05622441307482617
765.23 0.05634648338732617
765.54 0.060043161346396964
765.85 0.059380493935682684
766.16 0.06006059996246839
766.47 0.06037449505175411
766.79 0.06255401341261062
767.1 0.0623449043437895
767.41 0.06441994533225348
767.72 0.06384447100189633
768.03 0.06705286771096712
768.34 0.06815150052346713
768.65 0.06926741762800252
768.97 0.06996496227085967
769.28 0.07118551107182364
769.59 0.07268507772993046
769.9 0.07305128866743046
770.21 0.0736790788460019
770.52 0.07592850599518014
770.83 0.07819537176042983
771.14 0.07988676319532238
771.45 0.07976469288282237
771.76 0.0810724347641435
772.07 0.08185717248735777
772.38 0.08386245901153604
772.69 0.08361831838653602
773.01 0.08539690290178571
773.32 0.08612932477678571
773.63 0.08979112550371365
773.94 0.09015733644121365
774.25 0.09221493881360619
774.56 0.09383657578421302
774.87 0.09514431766553412
775.18 0.09528382659410557
775.49 0.09809128945756952
775.8 0.09945134718710492
776.11 0.10084643647281921
776.42 0.10196235357735461
776.73 0.10323521822653287
777.04 0.10476981644081858
777.35 0.10576366323285398
777.66 0.10698421203381794
777.97 0.1087803894891751
778.28 0.10914644610263907
778.59 0.11331396669563844
778.89 0.11530181460374525
779.2 0.11418589749920986
779.51 0.11655739496088813
779.82 0.12037614323245892
780.13 0.11997505506281604
780.44 0.12337527654867257
780.75 0.12607810771570796
781.06 0.1253108086085651
781.37 0.12606066909963654
781.68 0.1304897689337073
781.99 0.13165800188645702
782.3 0.1321985989846713
782.6 0.13467472814277812
782.91 0.13852835364649177
783.22 0.13898175766434892
783.53 0.14213783852520545
783.84 0.14370715964759798
784.15 0.14726448300213335
784.46 0.14771773269595448
784.77 0.15003691430941846
785.07 0.15387310119706069
785.38 0.15692470468552466
785.69 0.15987152215352401
786.0 0.16067369849280974
786.31 0.16355091582055942
786.62 0.1681716861073799
786.92 0.16946214369666562
787.23 0.1739608436709861
787.54 0.17272285625395067
787.85 0.1766113589898072
788.16 0.1807440023506637
788.46 0.18306318396412768
788.77 0.1890441663045196
789.08 0.190892505284055
789.39 0.1935953364510904
789.7 0.19877414245219657
790.0 0.20325555813448168
790.31 0.20430172077473135
790.62 0.21080586159726614
790.93 0.21439790785990834
791.23 0.21818193322337232
791.54 0.22224482211994312
791.85 0.22646450423712075
792.16 0.22850466799344182
792.46 0.23472979095883376
792.77 0.23973436512326168
793.08 0.2442506580376896
793.38 0.24869704216379582
793.69 0.2533702826228666
794.0 0.257171592278366
794.31 0.25891529956147286
794.61 0.2691509955752212
794.92 0.2751494165316846
795.23 0.27786968631479136
795.53 0.2853676739293616
795.84 0.2908256521116467
796.15 0.2924647276983249
796.45 0.3024214058549305
796.76 0.30222958107814474
797.07 0.30622271551042984
797.37 0.3178010306376422
797.68 0.31658048183667825
797.98 0.32589193119864096
798.29 0.3301466448719975
798.6 0.33452342885785397
798.9 0.3399638141000316
799.21 0.3465725866189949
799.52 0.35525640012642223
799.82 0.36125482108288554
800.13 0.37023493673949115
800.43 0.3743327028682048
800.74 0.38156926556573956
801.05 0.38423706517659606
801.35 0.39183983881163087
801.66 0.3941590204250948
801.96 0.4022846438942004
802.27 0.4103408215470923
802.57 0.41445587196784134
802.88 0.4215878029689475
803.18 0.4286672637978034
803.49 0.43363696073008845
803.8 0.4349098253792667
804.1 0.44964437569137167
804.41 0.4565670432996207
804.71 0.45888622491308473
805.02 0.4711619303591182
805.32 0.47192922946626104
805.63 0.48260089088179514
805.93 0.494440785250079
806.24 0.49491162788400755
806.54 0.5071874876540771
806.85 0.5069607856451486
807.15 0.516341989471397
807.46 0.5252873822198957
807.76 0.5331690193880373
808.06 0.5382257550766434
808.37 0.5467874982715707
808.67 0.5573894052228192
808.98 0.5621845616703539
809.28 0.5669449952097819
809.59 0.570327778079567
809.89 0.5842603063764222
810.2 0.590276165948957
810.5 0.5980880486528128
810.8 0.601191813665455
811.11 0.6086898012800253
811.41 0.618489686216024
811.72 0.6270338364708439
812.02 0.6344971011773072
812.32 0.6413672986133059
812.63 0.6500685507368047
812.93 0.6564506212468395
813.24 0.6619781995693741
813.54 0.6669130192695164
813.84 0.6802176030637642
814.15 0.6888316621069058
814.45 0.6940279067240834
814.75 0.6985790768706542
815.06 0.7117615903524019
815.36 0.7139935788855089
815.66 0.7171149368382584
815.97 0.7239676956581859
816.27 0.7380222942675411
816.57 0.7441426312124684
816.88 0.7470198485402181
817.18 0.7517977206957174
817.48 0.7632714041265013
817.79 0.7693395795472503
818.09 0.7750589826465708
818.39 0.7850679766513906
818.69 0.7917813808667825
819.0 0.7973961522696744
819.3 0.8048243854199588
819.6 0.8107008903879582
819.9 0.817449017511457
820.21 0.8250516368224557
820.51 0.8264641647242414
820.81 0.8296376842011693
821.11 0.8422274390605247
821.42 0.8447733226829173
821.72 0.8492547383652023
822.02 0.8527944687796302
822.32 0.8591591006735936
822.63 0.8607284217959861
822.93 0.8704409593275916
823.23 0.8718358942892699
823.53 0.8798396017699115
823.83 0.8801709354752686
824.14 0.8890814509916245
824.44 0.8884710994291245
824.74 0.8974513694097661
825.04 0.9003633096456226
825.34 0.9034672289823008
825.64 0.9043564440779077
825.95 0.9065012395306574
826.25 0.911819708784371
826.55 0.9152373688862989
826.85 0.9193874508632268
827.15 0.9251766084268331
827.45 0.9298498488859039
827.75 0.9315412403207964
828.05 0.9381500128397597
828.36 0.9392310527121523
828.66 0.940521355977402
828.96 0.9476358483624368
829.26 0.9488389585473294
829.56 0.9515069124822219
829.86 0.9545583616466499
830.16 0.9544713228903287
830.46 0.9560755212448641
830.76 0.9615856609513274
831.06 0.9626841394397914
831.36 0.9663809717228982
831.66 0.967636397756005
831.97 0.9687523148605405
832.27 0.970443860619469
832.57 0.971054057857933
832.87 0.9744195564356827
833.17 0.9738092048731826
833.47 0.9753785259955752
833.77 0.9778546551536821
834.07 0.9776279531447535
834.37 0.978709147341182
834.67 0.9793716604278603
834.97 0.9812374380234671
835.27 0.9804877318564317
835.57 0.9817954737377528
835.87 0.9827197203895386
836.17 0.9849864318307522
836.47 0.9867477320539665
836.77 0.9898166198344658
837.07 0.9883519304085019
837.37 0.9885263165692161
837.66 0.991246432028287
837.96 0.9916823974300727
838.26 0.9928682233229298
838.56 0.9932168413203224
838.86 0.9948909484631796
839.16 0.9945944919899652
839.46 0.995971988335572
839.76 0.9968787963712863
840.06 0.9984306788776074
840.36 0.9992327008928571
840.66 0.9980644679401075
840.96 1.0
841.25 1.0
841.55 1.0
841.85 0.9990234375
842.15 1.0
842.45 1.0
842.75 0.9987968898151075
843.05 1.0
843.34 1.0
843.64 0.9999476841517857
843.94 1.0
844.24 1.0
844.54 1.0
844.84 0.9985178719579646
845.13 0.9982388541008217
845.43 0.9985527491901075
845.73 0.9977331342347503
846.03 0.996216128960572
846.33 0.9960940586480721
846.62 0.9960243041837863
846.92 0.9956232160141435
847.22 0.9940190176596081
847.52 0.9927984688586441
847.82 0.9920311697515012
848.11 0.9905664803255373
848.41 0.9914731340372156
848.71 0.9891888296558944
849.01 0.9883344917924304
849.3 0.9870265955870733
849.6 0.9859978715628951
849.9 0.9843064801280026
850.2 0.9809932973984671
850.49 0.9789182564100032
850.79 0.9787787474814317
851.09 0.9766515449687895
851.38 0.9770001629661821
851.68 0.9728849582213969
851.98 0.9738092048731826
852.27 0.9688569465569691
852.57 0.9663984103389696
852.87 0.9600163398289349
853.16 0.9580110533047567
853.46 0.9498155210473294
853.76 0.9512104560090076
854.05 0.9406085490577591
854.35 0.9365456601611883
854.65 0.9336511585414033
854.94 0.9339650536306889
855.24 0.9245139410161188
855.54 0.9189689240775126
855.83 0.9075301178788717
856.13 0.9040948648368363
856.42 0.8964399296776233
856.72 0.8856114750414823
857.02 0.88079872565384
857.31 0.8709118019615202
857.61 0.8561946902654867
857.9 0.8475980698384165
858.2 0.839925696063132
858.5 0.8260281993224557
858.79 0.8072830759619943
859.09 0.8023658492019595
859.38 0.7845449724932838
859.68 0.774989228182285
859.97 0.7535937438270386
860.27 0.7438637676793616
860.56 0.7323899299245417
860.86 0.709721580920117
861.16 0.6987011471831542
861.45 0.6781251234592288
861.75 0.6654132982873736
862.04 0.6453953102777339
862.34 0.6393968893212705
862.63 0.6185594406803098
862.93 0.6048361757763117
863.22 0.5849402580791719
863.52 0.5698222125375316
863.81 0.5545296265111409
864.1 0.545043790988464
864.4 0.5284609016968236
864.69 0.5132382244587548
864.99 0.49881756923593557
865.28 0.4852686904926517
865.58 0.4660354402062263
865.87 0.45222513654590707
866.17 0.4375952179302307
866.46 0.42221559314751894
866.75 0.40859695993994943
867.05 0.38922420072495256
867.34 0.3823364103488464
867.64 0.3662592409232775
867.93 0.3516469152477086
868.23 0.3429979789724242
868.52 0.33494195564356827
868.81 0.3270951957075695
869.11 0.3227881661859987
869.4 0.31325001481510745
869.69 0.3065714878318584
869.99 0.29930004790218073
870.28 0.29007579162057523
870.58 0.2846702836105405
870.87 0.2752714868441846
871.16 0.26773862199747156
871.46 0.26229823675529396
871.75 0.2512778030183312
872.04 0.24630826041008216
872.34 0.2364038981016909
872.63 0.2310679902319058
872.92 0.22494749896294247
873.21 0.21809474014301516
873.51 0.20984689203737356
873.8 0.20351713737555308
874.09 0.19781517289230405
874.39 0.19057861019476927
874.68 0.18166824900244943
874.97 0.1788956633711283
875.26 0.1788956633711283
875.56 0.1788956633711283
