784.58 0.17628829192233403 54.0 8.0 45.0
785.16 0.0 0.0 0.0 0.0
785.74 0.0 0.0 0.0 0.0
786.32 0.0 0.0 0.0 0.0
786.9 0.0 0.0 0.0 0.0
787.48 0.0 0.0 0.0 0.0
788.06 0.0 0.0 0.0 0.0
788.64 0.0 0.0 0.0 0.0
789.22 0.0 0.0 0.0 0.0
789.8 0.0 0.0 0.0 0.0
790.38 0.20844678369831393 59.0 12.904761904761905 48.19047619047619
790.96 0.21513098184018445 60.19047619047619 13.80952380952381 49.04761904761905
791.54 0.21502755130800846 60.38095238095238 13.714285714285715 48.9047619047619
792.12 0.22093537401773322 61.52380952380952 14.476190476190474 49.61904761904762
792.7 0.2252270946622089 62.42857142857143 15.0 50.0952380952381
793.28 0.22102199708843062 62.14285714285714 14.23809523809524 49.33333333333333
793.86 0.22360452818869875 62.85714285714286 14.476190476190474 49.57142857142857
794.44 0.22727275665640126 63.71428571428571 14.904761904761905 49.85714285714286
795.02 0.23546607090680138 65.23809523809524 16.0 50.80952380952381
795.6 0.22847158116840305 64.61904761904762 14.80952380952381 49.52380952380952
796.18 0.23472912836504786 65.95238095238095 15.57142857142857 50.19047619047619
796.76 0.23626830397199122 66.52380952380952 15.666666666666664 50.19047619047619
797.34 0.24491832866603072 68.14285714285714 16.80952380952381 51.23809523809524
797.92 0.240620143613294 67.9047619047619 16.0 50.47619047619048
798.5 0.24311314265914735 68.76190476190476 16.142857142857146 50.71428571428571
799.08 0.2585579068763204 71.57142857142857 18.19047619047619 52.76190476190476
799.66 0.2438904877525321 70.0952380952381 15.714285714285715 50.42857142857143
800.24 0.23933954433679047 70.14285714285714 14.714285714285715 49.57142857142857
800.82 0.24943371783633675 72.47619047619048 15.80952380952381 50.85714285714286
801.4 0.24561002034995716 72.80952380952381 14.80952380952381 50.19047619047619
801.98 0.23548190870704083 72.38095238095238 12.80952380952381 48.52380952380952
802.56 0.23724281351733625 73.80952380952381 12.523809523809526 48.52380952380952
803.14 0.24000343906519486 75.61904761904762 12.285714285714285 48.57142857142857
803.72 0.23994138074588936 77.19047619047619 11.571428571428573 48.04761904761905
804.3 0.25379396120837894 81.0952380952381 12.80952380952381 49.33333333333333
804.88 0.26710934934437974 85.14285714285714 13.904761904761905 50.28571428571429
805.46 0.2733633411164809 88.33333333333333 13.904761904761905 50.0
806.04 0.28530892114197653 92.52380952380952 14.666666666666664 50.52380952380952
806.62 0.29795395014131193 97.0952380952381 15.42857142857143 50.95238095238095
807.2 0.3189186725725501 103.04761904761905 17.38095238095238 52.38095238095238
807.78 0.32979697879415515 107.71428571428571 17.76190476190476 52.23809523809524
808.36 0.3486523648098302 113.76190476190476 19.23809523809524 53.14285714285714
808.94 0.36675432404268593 119.8095238095238 20.57142857142857 53.80952380952381
809.52 0.38878438095533624 126.61904761904762 22.42857142857143 54.85714285714286
810.1 0.40504236773174274 132.66666666666666 23.42857142857143 54.85714285714286
810.68 0.4193241849027625 138.42857142857142 24.142857142857146 54.52380952380952
811.26 0.4436452281031101 145.61904761904762 26.38095238095238 55.57142857142857
811.84 0.4669966100643081 152.66666666666666 28.476190476190474 56.47619047619048
812.42 0.4801542666387406 158.0952380952381 29.142857142857146 55.80952380952381
813.0 0.5042839633545626 165.0952380952381 31.476190476190474 56.61904761904762
813.58 0.5303090245725087 172.1904761904762 34.19047619047619 57.66666666666667
814.16 0.5493864630119489 178.0952380952381 35.95238095238095 57.76190476190476
814.74 0.5696336361262163 184.0 37.95238095238095 58.14285714285714
815.32 0.591217325648445 189.85714285714286 40.23809523809524 58.9047619047619
815.9 0.6049538699826497 194.28571428571428 41.476190476190474 58.66666666666667
816.48 0.6227620218600431 198.95238095238096 43.476190476190474 59.14285714285714
817.06 0.640807094300202 203.47619047619048 45.57142857142857 59.80952380952381
817.64 0.6522610560774488 206.76190476190476 46.80952380952381 59.61904761904762
818.22 0.6613257725614311 209.42857142857142 47.80952380952381 59.19047619047619
818.8 0.6707906359167695 211.8095238095238 49.0 59.04761904761905
819.38 0.6799988622641461 213.95238095238096 50.23809523809524 58.95238095238095
819.96 0.6911531987184957 216.14285714285714 51.85714285714286 59.28571428571429
820.54 0.6933643495641697 216.9047619047619 52.19047619047619 58.42857142857143
821.12 0.6971579875521356 217.57142857142858 52.9047619047619 57.9047619047619
821.7 0.7035810236002618 218.38095238095238 54.0952380952381 57.95238095238095
822.28 0.7079819927443484 218.8095238095238 55.0 57.85714285714286
822.86 0.7134192065326725 219.1904761904762 56.14285714285714 58.0
823.44 0.7173104570853795 219.23809523809524 57.0952380952381 58.0
824.02 0.7239348594508357 219.66666666666666 58.42857142857143 58.57142857142857
824.6 0.7307260435494257 220.04761904761904 59.80952380952381 59.23809523809524
825.18 0.7357989879322427 220.14285714285714 60.9047619047619 59.9047619047619
825.76 0.7412791900355027 220.14285714285714 62.0952380952381 60.85714285714286
826.34 0.7488425477008688 220.33333333333334 63.61904761904762 62.28571428571429
826.92 0.7569098059901793 220.47619047619048 65.23809523809524 64.0
827.5 0.7656652005388732 220.57142857142858 66.95238095238095 66.23809523809524
828.08 0.775379266832673 220.8095238095238 68.71428571428571 69.0952380952381
828.66 0.7867142834979174 221.14285714285714 70.71428571428571 72.57142857142857
829.24 0.7972215326853412 221.33333333333334 72.52380952380952 76.33333333333333
829.82 0.807617594050676 221.38095238095238 74.28571428571429 80.57142857142857
830.4 0.817892124540704 221.42857142857142 75.95238095238095 85.14285714285714
830.98 0.827491770808284 221.33333333333334 77.47619047619048 89.95238095238095
831.56 0.8366292118852027 221.14285714285714 78.9047619047619 94.9047619047619
832.14 0.8476636335663108 221.23809523809524 80.57142857142857 100.33333333333333
832.72 0.8584889316401757 221.38095238095238 82.14285714285714 105.85714285714286
833.3 0.8688555799479227 221.52380952380952 83.57142857142857 111.52380952380952
833.88 0.8789358549697078 221.61904761904762 84.95238095238095 117.1904761904762
834.46 0.8887472106078356 221.71428571428572 86.23809523809524 123.0
835.04 0.8981138149576066 221.76190476190476 87.38095238095238 129.0952380952381
835.62 0.9063911665153995 221.57142857142858 88.38095238095238 135.14285714285714
836.2 0.9145754305942343 221.42857142857142 89.33333333333333 141.1904761904762
836.78 0.9227457961953079 221.33333333333334 90.28571428571429 147.0952380952381
837.36 0.9300696475346041 221.28571428571428 91.04761904761905 152.76190476190476
837.94 0.9371863145891354 221.1904761904762 91.80952380952381 158.28571428571428
838.52 0.9433598244783872 221.0952380952381 92.38095238095238 163.57142857142858
839.1 0.9476628578373194 220.85714285714286 92.66666666666667 168.28571428571428
839.68 0.9527144696728753 220.76190476190476 93.0952380952381 172.85714285714286
840.26 0.9572253337573988 220.71428571428572 93.42857142857143 177.0952380952381
840.84 0.9620280658749061 220.71428571428572 93.85714285714286 181.0952380952381
841.42 0.9666695110063016 220.76190476190476 94.28571428571429 184.76190476190476
842.0 0.9717961099776852 220.95238095238096 94.80952380952381 188.1904761904762
842.58 0.9767016261865423 221.14285714285714 95.33333333333333 191.33333333333334
843.16 0.9811963292504131 221.33333333333334 95.80952380952381 194.1904761904762
843.74 0.985086933362294 221.42857142857142 96.23809523809524 196.76190476190476
844.32 0.9881203569387667 221.28571428571428 96.61904761904762 199.0952380952381
844.9 0.991289209868307 221.0952380952381 97.0952380952381 201.23809523809524
845.48 0.9945178585742618 220.95238095238096 97.57142857142857 203.33333333333334
846.06 0.9970457654247245 220.66666666666666 98.0 205.14285714285714
846.64 0.9989327261961092 220.28571428571428 98.38095238095238 206.61904761904762
847.22 0.9999696172811731 219.85714285714286 98.61904761904762 207.85714285714286
847.8 1.0 219.28571428571428 98.71428571428571 208.9047619047619
848.38 0.9996509219539061 218.71428571428572 98.71428571428571 209.95238095238096
848.96 0.9994951297148164 218.23809523809524 98.71428571428571 211.0
849.54 0.9980868583751584 217.66666666666666 98.47619047619048 211.9047619047619
850.12 0.9964520095259521 217.0952380952381 98.19047619047619 212.76190476190476
850.7 0.9955004486299337 216.61904761904762 98.0 213.76190476190476
851.28 0.9928959385415781 215.9047619047619 97.57142857142857 214.47619047619048
851.86 0.9896414322025794 215.0 97.0952380952381 215.0952380952381
852.44 0.9851169928607079 213.95238095238096 96.42857142857143 215.42857142857142
853.02 0.9803659760092883 212.9047619047619 95.71428571428571 215.71428571428572
853.6 0.9746785896212635 211.61904761904762 94.9047619047619 215.9047619047619
854.18 0.9682710681529638 210.23809523809524 94.0 215.9047619047619
854.76 0.9617106634292912 208.85714285714286 93.04761904761905 215.95238095238096
855.34 0.9553170404387525 207.42857142857142 92.14285714285714 216.0952380952381
855.92 0.9492272446364807 206.0952380952381 91.23809523809524 216.38095238095238
856.5 0.943137448834209 204.76190476190476 90.33333333333333 216.66666666666666
857.08 0.9363045693023354 203.28571428571428 89.33333333333333 216.85714285714286
857.66 0.9287515546901871 201.71428571428572 88.23809523809524 216.85714285714286
858.24 0.9202712207129985 200.0 87.04761904761905 216.52380952380952
858.82 0.9130627590611611 198.33333333333334 86.14285714285714 216.23809523809524
859.4 0.9058736906341069 196.61904761904762 85.28571428571429 215.85714285714286
859.98 0.8999758877571866 194.9047619047619 84.76190476190476 215.42857142857142
860.56 0.8943996891912509 193.04761904761904 84.42857142857143 214.8095238095238
861.14 0.8901781073764071 191.33333333333334 84.38095238095238 214.0952380952381
861.72 0.888581075315528 189.9047619047619 84.80952380952381 213.57142857142858
862.3 0.8857124941497106 188.14285714285714 85.19047619047619 212.52380952380952
862.88 0.8848414151365414 186.52380952380952 86.0 211.47619047619048
863.46 0.865418777295964 182.14285714285714 84.14285714285714 207.42857142857142
864.04 0.8447226510279704 177.52380952380952 82.14285714285714 203.0952380952381
864.62 0.8262910069738036 173.14285714285714 80.57142857142857 198.85714285714286
865.2 0.81904052666827 170.28571428571428 80.76190476190476 196.0
865.78 0.7940885572216491 164.71428571428572 78.42857142857143 190.38095238095238
866.36 0.7688679916117839 158.85714285714286 76.23809523809524 184.42857142857142
866.94 0.747074855261899 153.47619047619048 74.61904761904762 178.71428571428572
867.52 0.7125675207442861 146.14285714285714 71.23809523809524 170.76190476190476
868.1 0.674030597337181 138.14285714285714 67.33333333333333 162.04761904761904
868.68 0.6394515078878709 130.71428571428572 64.04761904761905 153.76190476190476
869.26 0.605404762458854 123.28571428571428 60.9047619047619 145.42857142857142
869.84 0.5744935782568336 116.28571428571428 58.23809523809524 137.57142857142858
870.42 0.5369547594852262 108.47619047619048 54.52380952380952 128.66666666666666
871.0 0.49359797327872207 99.80952380952381 49.95238095238095 118.9047619047619
871.58 0.4517273545314209 91.42857142857143 45.57142857142857 109.33333333333334
872.16 0.40936317821339274 82.95238095238095 41.142857142857146 99.61904761904762
872.74 0.3643902899416393 74.04761904761905 36.333333333333336 89.61904761904762
873.3199999999999 0.3177819063798538 64.95238095238095 31.23809523809524 79.47619047619048
873.9 0.27948222675592715 57.23809523809524 27.23809523809524 70.80952380952381
874.48 0.23892162034271705 49.38095238095238 22.76190476190476 62.04761904761905
875.06 0.21781209516643274 44.52380952380952 21.04761904761905 56.33333333333333
875.64 0.2013049054515649 40.42857142857143 19.95238095238095 51.38095238095238
876.22 0.1731598415444248 34.714285714285715 17.04761904761905 44.95238095238095
876.8 0.13731889960256827 28.095238095238095 12.857142857142854 37.57142857142857
877.38 0.12014910804094828 24.333333333333336 11.333333333333332 33.095238095238095
877.96 0.09604042065197436 19.76190476190476 8.61904761904762 27.904761904761905
878.54 0.07156972640038474 15.23809523809524 5.761904761904763 22.857142857142854
879.12 0.07253841797829508 14.61904761904762 6.5238095238095255 21.80952380952381
879.7 0.07130242311879247 13.80952380952381 6.857142857142858 20.61904761904762
880.28 0.057478286052651276 11.19047619047619 5.285714285714285 17.714285714285715
880.86 0.05192600579728133 9.952380952380953 4.80952380952381 16.23809523809524
881.44 0.0399128727054583 7.857142857142858 3.333333333333332 13.80952380952381
882.02 0.03641401173419392 7.0 3.095238095238095 12.76190476190476
882.6 0.040329827038292604 7.285714285714285 3.904761904761905 12.904761904761905
883.18 0.0344136005978285 6.19047619047619 3.19047619047619 11.80952380952381
883.76 0.03401313050605977 6.0476190476190474 3.19047619047619 11.666666666666668
884.34 0.04694194702805294 7.9523809523809526 5.095238095238095 13.57142857142857
884.92 0.05485212019662147 9.095238095238095 6.285714285714285 14.666666666666664
885.5 0.04886381560404725 8.19047619047619 5.428571428571427 13.714285714285715
886.08 0.043448257583397334 7.38095238095238 4.666666666666668 12.76190476190476
886.66 0.038355919975797306 6.61904761904762 3.9523809523809526 11.857142857142858
887.24 0.03649578649869549 6.333333333333332 3.7142857142857153 11.428571428571427
887.8199999999999 0.03811738331096652 6.571428571428573 4.0 11.428571428571427
888.4 0.03675630215161367 6.38095238095238 3.8571428571428577 10.904761904761905
888.98 0.03507200057921101 6.142857142857142 3.666666666666668 10.333333333333332
889.56 0.04527316003547666 7.666666666666668 5.238095238095237 11.428571428571427
890.14 0.05094923370904475 8.523809523809526 6.142857142857142 11.857142857142858
890.72 0.046355948419193584 7.857142857142858 5.5238095238095255 10.857142857142858
891.3 0.044994867259840726 7.666666666666668 5.38095238095238 10.333333333333332
891.88 0.051067855600634066 8.571428571428573 6.333333333333332 10.904761904761905
892.46 0.049060333615181556 8.285714285714285 6.095238095238095 10.285714285714285
893.04 0.05649989786234951 9.38095238095238 7.238095238095237 11.142857142857142
893.62 0.0636162416964676 10.428571428571427 8.333333333333332 11.952380952380953
894.2 0.057554242849718024 9.523809523809526 7.4761904761904745 10.904761904761905
894.78 0.06215851763361284 10.19047619047619 8.19047619047619 11.428571428571427
895.36 0.06280495845971254 10.285714285714285 8.285714285714285 11.523809523809526
895.94 0.04890648069856984 8.238095238095237 6.238095238095237 9.476190476190474
896.52 0.040673087116951535 7.0476190476190474 5.0 8.333333333333332
897.1 0.04245952633987793 7.333333333333332 5.238095238095237 8.666666666666668
897.68 0.04148437035370656 7.19047619047619 5.0476190476190474 8.761904761904763
898.26 0.038893112302286065 6.80952380952381 4.61904761904762 8.61904761904762
898.84 0.03371609094646696 6.0476190476190474 3.80952380952381 8.095238095238095
899.42 0.032094494134195926 5.80952380952381 3.5238095238095255 8.095238095238095
900.0 0.024430291699958383 4.61904761904762 2.428571428571427 6.9523809523809526
900.58 0.016766089265720787 3.428571428571427 1.3333333333333321 5.80952380952381
901.16 0.004576801048785586 1.571428571428573 0.0 4.0
901.74 0.0 0.0 0.0 2.3809523809523796
902.3199999999999 0.0 0.0 0.0 0.33333333333333215
902.9 0.0 0.0 0.0 0.0
903.48 0.0 0.0 0.0 0.0
904.06 0.0 0.0 0.0 0.0
904.64 0.0 1.0 0.0 7.0
