704.9753694581281 0.049097731834352724 32.0 0.0 43.0
705.2216748768473 0.0 0.0 0.0 0.0
705.4679802955665 0.0 0.0 0.0 0.0
705.7142857142857 0.0 0.0 0.0 0.0
705.960591133005 0.0 0.0 0.0 0.0
706.2068965517242 0.0 0.0 0.0 0.0
706.4532019704434 0.0 0.0 0.0 0.0
706.6995073891626 0.0 0.0 0.0 0.0
706.9458128078818 0.0 0.0 0.0 0.0
707.192118226601 0.0 0.0 0.0 0.0
707.4384236453202 0.11369655534213884 43.04761904761905 0.0 54.52380952380952
707.6847290640394 0.1194480097639342 44.04761904761905 0.0 55.47619047619048
707.9310344827586 0.12519946418572944 45.04761904761905 0.9047619047619051 56.42857142857143
708.1773399014778 0.1286342308990703 45.61904761904762 1.4761904761904745 56.9047619047619
708.423645320197 0.12798415782420425 45.52380952380952 1.3809523809523796 56.71428571428571
708.6699507389162 0.13382460339852836 46.47619047619048 2.3809523809523796 57.42857142857143
708.9162561576354 0.1372404047842811 46.9047619047619 3.0476190476190474 57.76190476190476
709.1625615763546 0.13883903601282288 47.04761904761905 3.428571428571427 57.71428571428571
709.4088669950739 0.1438216652316236 47.80952380952381 4.333333333333332 58.19047619047619
709.6551724137931 0.14909606872101042 48.61904761904762 5.285714285714285 58.71428571428571
709.9014778325123 0.15290839134048984 49.0952380952381 6.0476190476190474 59.0
710.1477832512315 0.15438651979527956 49.19047619047619 6.428571428571427 58.9047619047619
710.3940886699507 0.15234585054679958 48.76190476190476 6.19047619047619 58.33333333333333
710.64039408867 0.153259395788005 48.9047619047619 6.38095238095238 58.28571428571429
710.8866995073892 0.15523529114841475 49.23809523809524 6.714285714285715 58.52380952380952
711.1330049261084 0.15585706211903397 49.33333333333333 6.857142857142858 58.42857142857143
711.3793103448276 0.14943977881176093 48.19047619047619 5.904761904761905 57.14285714285714
711.6256157635468 0.14223120368265815 46.85714285714286 4.857142857142858 55.71428571428571
711.871921182266 0.1389329873279516 46.0952380952381 4.4761904761904745 54.95238095238095
712.1182266009853 0.13886179440592858 45.80952380952381 4.666666666666668 54.61904761904762
712.3645320197045 0.13928690951817263 45.57142857142857 4.9523809523809526 54.38095238095238
712.6108374384237 0.13784087623314742 45.0 4.9523809523809526 53.80952380952381
712.8571428571429 0.1323607718829973 43.714285714285715 4.333333333333332 52.52380952380952
713.1034482758621 0.12533776518998727 42.23809523809524 3.428571428571427 51.0
713.3497536945813 0.11987837681304882 41.0 2.80952380952381 49.61904761904762
713.5960591133005 0.10999160565423517 39.095238095238095 1.428571428571427 47.57142857142857
713.8423645320197 0.10821119905511813 38.61904761904762 1.3333333333333321 46.76190476190476
714.0886699507389 0.10871421789760881 38.57142857142857 1.571428571428573 46.38095238095238
714.3349753694581 0.10291549604397852 37.42857142857143 0.8095238095238102 45.0
714.5812807881773 0.10090983970796892 36.904761904761905 0.6666666666666679 44.23809523809524
714.8275862068965 0.09785437954639022 36.142857142857146 0.3809523809523796 43.333333333333336
715.0738916256157 0.09497340039862202 35.476190476190474 0.0952380952380949 42.42857142857143
715.3201970443349 0.09454711818929554 35.23809523809524 0.1904761904761898 41.95238095238095
715.5665024630542 0.0915456362677752 34.523809523809526 0.0 41.0
715.8128078817734 0.08631470714470575 33.42857142857143 0.0 39.57142857142857
716.0591133004926 0.07941541274242432 32.095238095238095 0.0 38.095238095238095
716.3054187192118 0.07722097845334545 31.61904761904762 0.0 37.42857142857143
716.551724137931 0.07648541551719767 31.38095238095238 0.0 37.0
716.7980295566502 0.07513304177303055 31.04761904761905 0.0 36.42857142857143
717.0443349753695 0.06902503919257888 29.904761904761905 0.0 35.095238095238095
717.2906403940887 0.0612297060053272 28.38095238095238 0.0 33.57142857142857
717.5369458128079 0.05747340404580043 27.57142857142857 0.0 32.523809523809526
717.7832512315271 0.05750695808691781 27.285714285714285 0.0 32.095238095238095
718.0295566502463 0.05849986592972267 27.095238095238095 0.0 31.80952380952381
718.2758620689655 0.061430446703490536 27.23809523809524 0.0 31.95238095238095
718.5221674876848 0.062264629343096504 27.0 0.0 31.80952380952381
718.768472906404 0.05791339964584441 25.904761904761905 0.0 30.904761904761905
719.0147783251232 0.050523924468978125 24.285714285714285 0.0 29.476190476190474
719.2610837438424 0.04773631308779753 23.42857142857143 0.0 28.714285714285715
719.5073891625616 0.04476488391614757 22.61904761904762 0.0 27.80952380952381
719.7536945812808 0.04744512236575245 22.80952380952381 0.0 27.714285714285715
720.0 0.04856349314490937 22.666666666666664 0.0 27.23809523809524
720.2463054187192 0.043075802663724 21.42857142857143 0.0 25.57142857142857
720.4926108374384 0.03504617473719155 19.714285714285715 0.0 23.476190476190474
720.7389162561576 0.0391663192121394 20.0 0.0 23.476190476190474
720.9852216748768 0.04121078152613695 19.95238095238095 0.0 23.095238095238095
721.231527093596 0.03523611978734323 18.523809523809526 0.0 21.476190476190474
721.4778325123152 0.034165891762833 17.95238095238095 0.0 20.95238095238095
721.7241379310344 0.030418926579964933 17.0 0.0 20.04761904761905
721.9704433497537 0.02517807713169551 15.904761904761905 0.0 19.095238095238095
722.2167487684729 0.02685898870454261 16.095238095238095 0.0 19.285714285714285
722.4630541871921 0.02573945082830337 15.76190476190476 0.0 19.04761904761905
722.7093596059113 0.023489287653542558 15.333333333333336 0.0 18.666666666666664
722.9556650246305 0.021963891766917865 15.095238095238095 0.0 18.333333333333336
723.2019704433498 0.022189141503810426 15.142857142857146 0.0 18.285714285714285
723.448275862069 0.026637240258897132 15.857142857142854 0.0 18.857142857142854
723.6945812807882 0.030501790472811447 16.476190476190474 0.0 19.333333333333336
723.9408866995074 0.034312362446667286 17.04761904761905 0.0 19.857142857142854
724.1871921182266 0.03818945895421683 17.61904761904762 0.0 20.476190476190474
724.4334975369458 0.03933263054637359 17.666666666666664 0.0 20.76190476190476
724.6798029556651 0.03587393834284469 16.95238095238095 0.0 20.38095238095238
724.9261083743843 0.032343761443022166 16.23809523809524 0.0 20.142857142857146
725.1724137931035 0.03554189922291758 16.57142857142857 0.0 20.904761904761905
725.4187192118227 0.04294537956477195 17.61904761904762 0.0 22.38095238095238
725.6650246305419 0.036156667611042706 16.333333333333336 0.0 21.42857142857143
725.9113300492611 0.028047093534369683 14.80952380952381 0.0 20.19047619047619
726.1576354679803 0.02718606766186974 14.523809523809526 0.0 19.95238095238095
726.4039408866995 0.023141200948733197 13.76190476190476 0.0 18.857142857142854
726.6502463054187 0.0194245802900061 13.142857142857146 0.0 17.857142857142854
726.8965517241379 0.02244882060463213 13.523809523809526 0.0 18.0
727.1428571428571 0.02603589348721896 13.952380952380949 0.0 18.333333333333336
727.3891625615763 0.024778346380992414 13.61904761904762 0.0 18.142857142857146
727.6354679802955 0.02001950802773138 12.714285714285715 0.0 17.38095238095238
727.8817733990147 0.022642266946030786 13.047619047619051 0.0 17.80952380952381
728.128078817734 0.02286430716594688 13.0 0.0 17.76190476190476
728.3743842364532 0.018733658817257994 12.38095238095238 0.0 16.904761904761905
728.6206896551724 0.01635686560906272 12.142857142857146 0.0 16.333333333333336
728.8669950738916 0.0145636209420399 12.0 0.0 15.857142857142854
729.1133004926108 0.011086255185193492 11.571428571428573 0.0 15.19047619047619
729.35960591133 0.006917384407057784 10.952380952380953 0.0 14.523809523809526
729.6059113300493 0.005095254087246908 10.666666666666668 0.0 14.38095238095238
729.8522167487685 0.004690563173943836 10.523809523809526 0.0 14.666666666666664
730.0985221674877 0.000351587996056339 9.666666666666668 0.0 14.38095238095238
730.3448275862069 0.0018022896694109647 9.80952380952381 0.0 14.857142857142854
730.5911330049261 0.0051448557132465775 10.333333333333332 0.0 15.57142857142857
730.8374384236454 0.010463317117491941 11.19047619047619 0.0 16.523809523809526
731.0837438423646 0.014509934476252042 11.857142857142858 0.0 17.38095238095238
731.3300492610838 0.019736195210992173 12.666666666666664 0.0 18.57142857142857
731.576354679803 0.02722691605975184 13.76190476190476 0.0 20.04761904761905
731.8226600985222 0.02873159597316492 13.952380952380949 0.0 20.476190476190474
732.0689655172414 0.019753118118686193 12.476190476190474 0.0 19.095238095238095
732.3152709359606 0.020664912714268076 12.714285714285715 0.0 19.285714285714285
732.5615763546798 0.02389339501830446 13.38095238095238 0.0 19.95238095238095
732.807881773399 0.023958168906374592 13.476190476190474 0.0 20.285714285714285
733.0541871921182 0.024673015869310803 13.666666666666664 0.0 20.80952380952381
733.3004926108374 0.021504347290744595 13.095238095238095 0.0 20.714285714285715
733.5467980295566 0.01658182357168471 12.142857142857146 0.0 20.333333333333336
733.7931034482758 0.015969389377724262 11.904761904761905 0.0 20.57142857142857
734.039408866995 0.016457527732414972 11.857142857142858 0.0 20.904761904761905
734.2857142857142 0.017892473595157943 11.952380952380953 0.0 21.23809523809524
734.5320197044335 0.016397130458403623 11.61904761904762 0.0 20.95238095238095
734.7783251231527 0.018736284785693245 12.0 0.0 21.095238095238095
735.0246305418719 0.02138792935678071 12.476190476190474 0.0 21.19047619047619
735.2709359605911 0.014748605829591536 11.38095238095238 0.0 19.95238095238095
735.5172413793103 0.012928226155404192 11.0 0.0 19.57142857142857
735.7635467980296 0.011174371014910513 10.61904761904762 0.0 19.285714285714285
736.0098522167488 0.009712290145002996 10.285714285714285 0.0 19.04761904761905
736.256157635468 0.010876177710371394 10.38095238095238 0.0 19.23809523809524
736.5024630541872 0.013102415394944129 10.666666666666668 0.0 19.714285714285715
736.7487684729064 0.011469063028202548 10.333333333333332 0.0 19.476190476190474
736.9950738916256 0.014504098990840255 10.761904761904763 0.0 20.0
737.2413793103449 0.015634724289361832 10.857142857142858 0.0 20.142857142857146
737.4876847290641 0.013197533807155232 10.38095238095238 0.0 19.61904761904762
737.7339901477833 0.00846437158970581 9.523809523809526 0.0 18.523809523809526
737.9802955665025 0.007524274889877061 9.285714285714285 0.0 18.04761904761905
738.2266009852217 0.011388825103791377 9.904761904761905 0.0 18.523809523809526
738.4729064039409 0.015253375317705691 10.523809523809526 0.0 19.0
738.7192118226601 0.016420472400050512 10.714285714285715 0.0 19.19047619047619
738.9655172413793 0.021672409270602235 11.571428571428573 0.0 20.04761904761905
739.2118226600985 0.024401374023394994 12.095238095238095 0.0 20.61904761904762
739.4581280788177 0.02713033877618782 12.61904761904762 0.0 21.19047619047619
739.7044334975369 0.02927575498780817 13.047619047619051 0.0 21.666666666666664
739.9507389162561 0.03219174704804674 13.61904761904762 0.0 22.38095238095238
740.1970443349753 0.03539951337887149 14.23809523809524 0.0 23.142857142857146
740.4433497536945 0.03393889138031695 14.095238095238095 0.0 23.142857142857146
740.6896551724138 0.03335359219352103 14.095238095238095 0.0 23.285714285714285
740.935960591133 0.03276829300672506 14.095238095238095 0.0 23.42857142857143
741.1822660098522 0.028681702572894676 13.523809523809526 0.0 23.0
741.4285714285714 0.02317446321558004 12.714285714285715 0.0 22.142857142857146
741.6748768472906 0.02496158062292054 13.095238095238095 0.0 22.476190476190474
741.9211822660099 0.026420451975851567 13.333333333333336 0.0 22.714285714285715
742.167487684729 0.024395538537983295 12.952380952380949 0.0 22.285714285714285
742.4137931034483 0.02974901285469901 13.714285714285715 0.0 23.04761904761905
742.6600985221675 0.036968675406084124 14.80952380952381 0.0 24.38095238095238
742.9064039408867 0.039210668901268515 15.142857142857146 0.0 25.0
743.1527093596059 0.03846518563992078 14.904761904761905 0.0 25.04761904761905
743.3990147783252 0.038303250919745464 14.76190476190476 0.0 25.19047619047619
743.6453201970444 0.03915464824131598 14.76190476190476 0.0 25.42857142857143
743.8916256157636 0.03631772700840626 14.142857142857146 0.0 24.95238095238095
744.1379310344828 0.03485739678412234 13.714285714285715 0.0 24.476190476190474
744.384236453202 0.031288122132041254 12.952380952380949 0.0 23.57142857142857
744.6305418719212 0.021988109031376497 11.238095238095237 0.0 21.61904761904762
744.8768472906404 0.014333994591088552 9.80952380952381 0.0 20.04761904761905
745.1231527093596 0.0093723731197701 8.80952380952381 0.0 19.0
745.3694581280788 0.007052475894339155 8.285714285714285 0.0 18.523809523809526
745.615763546798 0.006962025870457454 8.142857142857142 0.0 18.523809523809526
745.8620689655172 0.008396971733200424 8.238095238095237 0.0 18.857142857142854
746.1083743842364 0.011606488709648685 8.761904761904763 0.0 19.38095238095238
746.3546798029556 0.011089464702169916 8.666666666666668 0.0 19.38095238095238
746.6009852216748 0.00758817345513545 8.095238095238095 0.0 18.80952380952381
746.8472906403941 0.004998676803682867 7.761904761904763 0.0 18.42857142857143
747.0935960591133 0.005306206884880751 7.857142857142858 0.0 18.61904761904762
747.3399014778325 0.0034872860820463424 7.666666666666668 0.0 18.476190476190474
747.5862068965517 0.0 6.714285714285715 0.0 17.333333333333336
747.832512315271 0.0 5.666666666666668 0.0 16.04761904761905
748.0788177339901 0.0 6.0 0.0 16.23809523809524
748.3251231527094 0.0 6.238095238095237 0.0 16.285714285714285
748.5714285714286 0.0 6.19047619047619 0.0 16.142857142857146
748.8177339901478 0.0 6.428571428571427 0.0 16.38095238095238
749.064039408867 0.0 6.4761904761904745 0.0 16.476190476190474
749.3103448275862 0.0 6.4761904761904745 0.0 16.61904761904762
749.5566502463055 0.0 6.857142857142858 0.0 17.333333333333336
749.8029556650247 0.0 7.761904761904763 0.0 18.476190476190474
750.0492610837439 0.0 8.095238095238095 0.0 19.04761904761905
750.2955665024631 0.0 8.428571428571427 0.0 19.57142857142857
750.5418719211823 0.0 8.523809523809526 0.0 19.80952380952381
750.7881773399015 0.0 8.523809523809526 0.0 19.76190476190476
751.0344827586207 0.0 8.19047619047619 0.0 19.61904761904762
751.2807881773399 0.0 8.0 0.0 19.61904761904762
751.5270935960591 0.0 7.857142857142858 0.0 19.666666666666664
751.7733990147783 0.0 7.857142857142858 0.0 19.76190476190476
752.0197044334975 0.0 8.0 0.0 19.80952380952381
752.2660098522167 0.0 8.238095238095237 0.0 19.904761904761905
752.5123152709359 0.0 8.80952380952381 0.0 20.42857142857143
752.7586206896551 0.0024707445233239944 9.761904761904763 0.0 21.333333333333336
753.0049261083743 0.003863091342561357 10.0 0.0 21.476190476190474
753.2512315270936 0.005923017692899983 10.285714285714285 0.0 21.714285714285715
753.4975369458128 0.008204984263154726 10.523809523809526 0.0 21.904761904761905
753.743842364532 0.010198386079799665 10.80952380952381 0.0 22.04761904761905
753.9901477832512 0.009822580819284629 10.80952380952381 0.0 22.0
754.2364532019704 0.01353482486395294 11.571428571428573 0.0 22.61904761904762
754.4827586206897 0.0178971419834873 12.42857142857143 0.0 23.42857142857143
754.7290640394089 0.019925264938332042 12.904761904761905 0.0 23.857142857142854
754.9753694581281 0.0251488997046369 13.76190476190476 0.0 24.42857142857143
755.2216748768473 0.029002654270539514 14.333333333333336 0.0 24.523809523809526
755.4679802955665 0.0321190952546708 14.76190476190476 0.0 24.42857142857143
755.7142857142857 0.03468028980187651 15.095238095238095 0.0 24.523809523809526
755.960591133005 0.03234609563718687 14.714285714285715 0.0 24.142857142857146
756.2068965517242 0.03306590276272304 14.904761904761905 0.0 24.42857142857143
756.4532019704434 0.04214241677211874 16.476190476190474 0.0 26.19047619047619
756.6995073891626 0.04931452011739827 17.714285714285715 0.0 27.57142857142857
756.9458128078818 0.05142988357914829 18.23809523809524 0.0 28.0
757.192118226601 0.052273402995413 18.57142857142857 0.0 28.333333333333336
757.4384236453202 0.0524951514410585 18.80952380952381 0.0 28.76190476190476
757.6847290640394 0.059135933839600606 20.095238095238095 0.33333333333333215 30.23809523809524
757.9310344827586 0.05675242982318184 19.95238095238095 0.0 30.142857142857146
758.1773399014778 0.05474473106727814 19.80952380952381 0.0 30.095238095238095
758.423645320197 0.054199113181281934 20.0 0.0 30.285714285714285
758.6699507389162 0.051899640154792044 19.80952380952381 0.0 30.19047619047619
758.9162561576354 0.05086880165681098 19.714285714285715 0.0 30.19047619047619
759.1625615763546 0.05216894780654315 19.904761904761905 0.0 30.57142857142857
759.4088669950739 0.0558572663610234 20.523809523809526 0.0 31.285714285714285
759.6551724137931 0.056044293668469185 20.57142857142857 0.0 31.42857142857143
759.9014778325123 0.05003257659731097 19.61904761904762 0.0 30.714285714285715
760.1477832512315 0.04677987702881593 19.095238095238095 0.0 30.61904761904762
760.3940886699507 0.04855707411095652 19.476190476190474 0.0 31.42857142857143
760.64039408867 0.05124781643430255 20.0 0.0 32.19047619047619
760.8866995073892 0.05481884173200714 20.666666666666664 0.0 32.857142857142854
761.1330049261084 0.055919414280658324 20.857142857142854 0.0 32.95238095238095
761.3793103448276 0.04914208152348189 19.76190476190476 0.0 31.76190476190476
761.6256157635468 0.040764658666410734 18.333333333333336 0.0 30.38095238095238
761.871921182266 0.041300356227207013 18.142857142857146 0.0 30.666666666666664
762.1182266009852 0.03835226899720394 17.333333333333336 0.0 30.285714285714285
762.3645320197045 0.03609568678849023 16.714285714285715 0.0 29.904761904761905
762.6108374384237 0.024418296931089076 14.61904761904762 0.0 28.0
762.8571428571429 0.024223099944066934 14.476190476190474 0.0 28.095238095238095
763.1034482758621 0.029162546570820815 15.23809523809524 0.0 29.0
763.3497536945813 0.02855828205643675 15.095238095238095 0.0 29.0
763.5960591133005 0.026308118881675915 14.666666666666664 0.0 28.61904761904762
763.8423645320197 0.030510251926658443 15.285714285714285 0.0 29.333333333333336
764.0886699507389 0.028689872252471122 14.904761904761905 0.0 28.95238095238095
764.3349753694581 0.02441800515681846 14.19047619047619 0.0 28.142857142857146
764.5812807881773 0.024817735907521576 14.333333333333336 0.0 28.095238095238095
764.8275862068965 0.02890578521270492 15.095238095238095 0.0 28.76190476190476
765.0738916256157 0.029854051592110093 15.42857142857143 0.0 29.0
765.3201970443349 0.028092318546310564 15.38095238095238 0.0 28.80952380952381
765.5665024630542 0.025163488418166235 15.142857142857146 0.0 28.42857142857143
765.8128078817734 0.02689983710242475 15.57142857142857 0.0 28.80952380952381
766.0591133004926 0.023676023186717767 15.19047619047619 0.0 28.38095238095238
766.3054187192118 0.02278640343570041 15.19047619047619 0.0 28.333333333333336
766.551724137931 0.028128790330133855 16.19047619047619 0.0 29.19047619047619
766.7980295566502 0.025130226151319393 15.857142857142854 0.0 28.714285714285715
767.0443349753695 0.02388230759602221 15.80952380952381 0.0 28.523809523809526
767.2906403940887 0.024315300613572146 15.952380952380949 0.0 28.523809523809526
767.5369458128079 0.02891716440925777 16.714285714285715 0.0 29.19047619047619
767.7832512315271 0.026479973927051214 16.23809523809524 0.0 28.666666666666664
768.0295566502463 0.02093305326893682 15.23809523809524 0.0 27.76190476190476
768.2758620689655 0.018595649587270727 14.76190476190476 0.0 27.38095238095238
768.5221674876848 0.018433714867095385 14.61904761904762 0.0 27.523809523809526
768.768472906404 0.01698738980779957 14.333333333333336 0.0 27.42857142857143
769.0147783251232 0.020104706114742597 14.80952380952381 0.0 28.19047619047619
769.2610837438424 0.02030427971582357 14.80952380952381 0.0 28.476190476190474
769.5073891625616 0.015245497412399929 13.76190476190476 0.0 27.904761904761905
769.7536945812808 0.015730426250114192 13.61904761904762 0.0 28.23809523809524
770.0 0.019153813766902145 14.0 0.0 28.95238095238095
770.2463054187192 0.022077683732446497 14.23809523809524 0.0 29.57142857142857
770.4926108374384 0.025022269671202503 14.523809523809526 0.0 30.095238095238095
770.7389162561576 0.02414373734246742 14.285714285714285 0.0 29.95238095238095
770.9852216748768 0.02560260869539847 14.523809523809526 0.0 30.19047619047619
771.231527093596 0.026186157236570858 14.61904761904762 0.0 30.285714285714285
771.4778325123152 0.028073061444451868 15.0 0.0 30.76190476190476
771.7241379310345 0.02546605833676412 14.714285714285715 0.0 30.476190476190474
771.9704433497537 0.027235669287869455 15.142857142857146 0.0 30.904761904761905
772.2167487684729 0.0295888287801472 15.666666666666664 0.0 31.42857142857143
772.4630541871921 0.03194198827242497 16.19047619047619 0.0 31.95238095238095
772.7093596059113 0.037880470001666056 17.23809523809524 0.0 33.04761904761905
772.9556650246305 0.03820871605607553 17.38095238095238 0.0 33.142857142857146
773.2019704433498 0.03766163929872636 17.38095238095238 0.0 33.095238095238095
773.448275862069 0.039210960675539135 17.76190476190476 0.0 33.333333333333336
773.6945812807882 0.042185891138436134 18.38095238095238 0.0 33.76190476190476
773.9408866995074 0.04030540596450802 18.19047619047619 0.0 33.285714285714285
774.1871921182266 0.037549597978821285 17.857142857142854 0.0 32.666666666666664
774.4334975369458 0.04085773465872769 18.61904761904762 0.0 32.95238095238095
774.6798029556651 0.04468289534611287 19.476190476190474 0.0 33.23809523809524
774.9261083743843 0.042961135375383666 19.333333333333336 0.0 32.61904761904762
775.1724137931035 0.03832163269879237 18.714285714285715 0.0 31.523809523809526
775.4187192118227 0.038621576648955006 18.857142857142854 0.0 31.333333333333336
775.6650246305419 0.03747840505679824 18.80952380952381 0.0 31.04761904761905
775.9113300492611 0.04100041227704432 19.42857142857143 0.0 31.523809523809526
776.1576354679803 0.045689516579635284 20.23809523809524 0.0 32.19047619047619
776.4039408866995 0.04371858138182544 19.904761904761905 0.0 31.714285714285715
776.6502463054187 0.045916516962151335 20.19047619047619 0.0 31.904761904761905
776.8965517241379 0.04717260519702501 20.333333333333336 0.0 31.857142857142854
777.1428571428571 0.04725838683257735 20.19047619047619 0.0 31.61904761904762
777.3891625615763 0.04537148262469634 19.80952380952381 0.0 31.142857142857146
777.6354679802955 0.048496968611215746 20.38095238095238 0.0 31.666666666666664
777.8817733990147 0.05160494814150003 21.0 0.0 32.285714285714285
778.128078817734 0.05558825048354291 21.76190476190476 0.0 33.04761904761905
778.3743842364532 0.059929851629865666 22.57142857142857 0.0 33.95238095238095
778.6206896551724 0.058177455360724876 22.38095238095238 0.0 33.904761904761905
778.8669950738916 0.054277892234340236 21.857142857142854 0.0 33.61904761904762
779.1133004926108 0.05381309582129639 21.904761904761905 0.0 33.80952380952381
779.35960591133 0.05545724383604969 22.285714285714285 0.0 34.42857142857143
779.6059113300493 0.05337981102947592 22.04761904761905 0.0 34.285714285714285
779.8522167487685 0.051819402230380875 21.904761904761905 0.0 34.142857142857146
780.0985221674877 0.05240616028852973 22.095238095238095 0.0 34.23809523809524
780.3448275862069 0.05146752246005394 22.04761904761905 0.0 34.0
780.5911330049261 0.05464873733225536 22.57142857142857 0.0 34.23809523809524
780.8374384236453 0.05403688668683608 22.476190476190474 0.0 33.857142857142854
781.0837438423646 0.05028204359866219 21.857142857142854 0.0 33.04761904761905
781.3300492610838 0.048777363685249146 21.666666666666664 0.0 32.61904761904762
781.576354679803 0.04865073365181471 21.857142857142854 0.0 32.42857142857143
781.8226600985222 0.04859062815207394 22.04761904761905 0.0 32.333333333333336
782.0689655172414 0.047724933891244596 22.19047619047619 0.0 32.19047619047619
782.3152709359606 0.04562240849740038 22.04761904761905 0.0 31.76190476190476
782.5615763546798 0.038131687648640715 20.95238095238095 0.0 30.285714285714285
782.807881773399 0.03707750720901276 20.857142857142854 0.0 29.76190476190476
783.0541871921182 0.03813227119718193 21.095238095238095 0.0 29.666666666666664
783.3004926108374 0.03436809133234927 20.61904761904762 0.0 28.714285714285715
783.5467980295566 0.031545758812968915 20.285714285714285 0.0 28.0
783.7931034482758 0.03747665441117475 21.38095238095238 0.0 28.714285714285715
784.039408866995 0.04188040347713234 22.333333333333336 0.0 29.333333333333336
784.2857142857143 0.03928157004902103 22.142857142857146 0.0 28.80952380952381
784.5320197044335 0.03784487354065456 22.142857142857146 0.0 28.714285714285715
784.7783251231527 0.04026776708360241 22.76190476190476 0.0 29.333333333333336
785.0246305418719 0.04141881658106496 23.19047619047619 0.0 29.857142857142854
785.2709359605911 0.03913188984821028 22.95238095238095 0.0 29.904761904761905
785.5172413793103 0.03748248989658645 22.857142857142854 0.0 30.0
785.7635467980296 0.03518301687009654 22.666666666666664 0.0 29.904761904761905
786.0098522167488 0.03842725498474454 23.38095238095238 0.0 30.714285714285715
786.256157635468 0.044089718254011076 24.42857142857143 0.0 31.904761904761905
786.5024630541872 0.04741477784161146 25.0 0.0 32.714285714285715
786.7487684729064 0.04710053695219013 25.0 0.0 33.0
786.9950738916256 0.04613622298790275 24.904761904761905 0.0 33.095238095238095
787.2413793103449 0.044004811941270525 24.61904761904762 0.0 33.0
787.4876847290641 0.05004308047105205 25.666666666666664 0.0 34.23809523809524
787.7339901477833 0.05112118640086811 25.904761904761905 0.0 34.666666666666664
787.9802955665025 0.04921502509112843 25.666666666666664 0.0 34.523809523809526
788.2266009852217 0.05060241174776583 25.904761904761905 0.0 34.904761904761905
788.4729064039409 0.05264483164186925 26.23809523809524 0.0 35.23809523809524
788.7192118226601 0.048851766124248554 25.61904761904762 0.0 34.61904761904762
788.9655172413793 0.044609951778466286 24.80952380952381 0.0 33.857142857142854
789.2118226600985 0.04270554111435013 24.476190476190474 0.0 33.476190476190474
789.4581280788177 0.04174618731266271 24.38095238095238 0.0 33.333333333333336
789.7044334975369 0.0437918167237426 24.80952380952381 0.0 33.666666666666664
789.9507389162561 0.04487488281615858 25.04761904761905 0.0 33.857142857142854
790.1970443349753 0.04312744670961782 24.857142857142854 0.0 33.57142857142857
790.4433497536946 0.04218384871854203 24.80952380952381 0.0 33.57142857142857
790.6896551724138 0.04823962370455877 25.80952380952381 0.0 34.714285714285715
790.935960591133 0.04847741973508647 25.80952380952381 0.0 34.80952380952381
791.1822660098522 0.04207093207582514 24.714285714285715 0.0 33.904761904761905
791.4285714285714 0.03974928420477066 24.285714285714285 0.0 33.666666666666664
791.6748768472906 0.04067041557701136 24.38095238095238 0.0 34.0
791.9211822660099 0.04109523891498489 24.42857142857143 0.0 34.23809523809524
792.167487684729 0.044628041783242624 25.095238095238095 0.0 35.095238095238095
792.4137931034483 0.0419828162461081 24.80952380952381 0.0 35.0
792.6600985221675 0.04000837975705122 24.666666666666664 0.0 35.0
792.9064039408867 0.03851274484602635 24.61904761904762 0.0 35.19047619047619
793.1527093596059 0.03799717970990049 24.714285714285715 0.0 35.42857142857143
793.3990147783251 0.04022487626582619 25.19047619047619 0.0 36.142857142857146
793.6453201970444 0.045078541257027746 26.095238095238095 0.0 37.285714285714285
793.8916256157636 0.049056883436470654 26.857142857142854 0.0 38.285714285714285
794.1379310344828 0.05189818128343911 27.333333333333336 0.0 39.142857142857146
794.384236453202 0.05489499481663006 27.76190476190476 0.0 39.857142857142854
794.6305418719212 0.05459505086646747 27.61904761904762 0.0 40.04761904761905
794.8768472906404 0.05613299304672736 27.80952380952381 0.0 40.523809523809526
795.1231527093596 0.06254706683702392 28.857142857142854 0.0 41.80952380952381
795.3694581280788 0.05962115445158542 28.285714285714285 0.0 41.57142857142857
795.615763546798 0.05702348812055646 27.857142857142854 0.0 41.42857142857143
795.8620689655172 0.05988550194073655 28.38095238095238 0.0 42.19047619047619
796.1083743842364 0.064139862580154 29.142857142857146 0.0 43.095238095238095
796.3546798029556 0.06288377434528039 29.0 0.0 43.142857142857146
796.6009852216748 0.059981787450030015 28.57142857142857 0.0 42.80952380952381
796.8472906403941 0.05816286664719558 28.38095238095238 0.0 42.666666666666664
797.0935960591133 0.05507385244449938 27.904761904761905 0.0 42.19047619047619
797.3399014778325 0.05311867305730122 27.61904761904762 0.0 41.857142857142854
797.5862068965517 0.0524543030431764 27.666666666666664 0.0 41.76190476190476
797.832512315271 0.052360935276588846 27.857142857142854 0.0 41.61904761904762
798.0788177339901 0.052349847854306554 28.095238095238095 0.0 41.714285714285715
798.3251231527094 0.05141587841416014 28.333333333333336 0.0 41.714285714285715
798.5714285714286 0.04725488554133026 28.095238095238095 0.0 41.285714285714285
798.8177339901478 0.04472724503524198 28.19047619047619 0.0 41.095238095238095
799.064039408867 0.04654295632109993 29.0 0.0 41.57142857142857
799.3103448275862 0.04573269917168206 29.38095238095238 0.0 41.61904761904762
799.5566502463054 0.04533150954962598 29.76190476190476 0.0 41.76190476190476
799.8029556650247 0.04522209419815612 30.19047619047619 0.0 41.95238095238095
800.0492610837439 0.043737838483684094 30.333333333333336 0.0 41.904761904761905
800.2955665024631 0.05073575258942369 31.904761904761905 0.0 43.142857142857146
800.5418719211823 0.054262428197999174 32.80952380952381 0.0 43.857142857142854
800.7881773399015 0.05109580203932707 32.57142857142857 0.0 43.38095238095238
801.0344827586207 0.046470304527723966 32.095238095238095 0.0 42.666666666666664
801.2807881773399 0.05171436349296984 33.285714285714285 0.0 43.61904761904762
801.5270935960591 0.056374873917043294 34.38095238095238 0.0 44.47619047619048
801.7733990147783 0.05986507774179547 35.19047619047619 0.0 45.14285714285714
802.0197044334975 0.06560223522433205 36.333333333333336 0.0 46.19047619047619
802.2660098522167 0.07054810088503885 37.285714285714285 0.0 47.0952380952381
802.5123152709359 0.07324059385400834 37.714285714285715 0.0 47.61904761904762
802.7586206896551 0.07459471824379894 37.95238095238095 0.0 47.95238095238095
803.0049261083744 0.07488649251438509 38.0 0.0 48.0
803.2512315270936 0.07497052350431392 37.95238095238095 0.0 48.0
803.4975369458128 0.07711448084458135 38.19047619047619 0.0 48.23809523809524
803.743842364532 0.08075057180462668 38.666666666666664 0.0 48.76190476190476
803.9901477832512 0.082927791411741 38.904761904761905 0.0 49.04761904761905
804.2364532019704 0.08627210810120015 39.333333333333336 0.0 49.52380952380952
804.4827586206897 0.08658138882802152 39.333333333333336 0.0 49.47619047619048
804.7290640394089 0.08543179820191192 39.095238095238095 0.0 49.19047619047619
804.9753694581281 0.08430292354901386 38.904761904761905 0.0 48.80952380952381
805.2216748768473 0.08303924918310501 38.80952380952381 0.0 48.47619047619048
805.4679802955665 0.07809367529666882 38.285714285714285 0.0 47.42857142857143
805.7142857142857 0.07523953938179453 38.142857142857146 0.0 46.9047619047619
805.960591133005 0.07804640786483381 38.857142857142854 0.0 47.33333333333333
806.2068965517242 0.07836210762560812 39.04761904761905 0.0 47.28571428571429
806.4532019704434 0.07955313019814098 39.38095238095238 0.0 47.38095238095238
806.6995073891626 0.08111995803118889 39.714285714285715 0.0 47.52380952380952
806.9458128078818 0.08239501159365058 40.0 0.0 47.61904761904762
807.192118226601 0.08250296807376749 40.095238095238095 0.0 47.52380952380952
807.4384236453202 0.08348624736564299 40.333333333333336 0.0 47.57142857142857
807.6847290640394 0.0881753516682339 41.142857142857146 0.0 48.23809523809524
807.9310344827586 0.0917545466455149 41.904761904761905 0.0 48.66666666666667
808.1773399014778 0.08970599949172914 41.80952380952381 0.0 48.19047619047619
808.423645320197 0.09126670006509476 42.38095238095238 0.0 48.19047619047619
808.6699507389162 0.0945780462619776 43.23809523809524 0.0 48.47619047619048
808.9162561576354 0.0908027789748627 43.0 0.0 47.61904761904762
809.1625615763547 0.09092036400590893 43.38095238095238 0.0 47.52380952380952
809.4088669950739 0.08929051293041439 43.57142857142857 0.0 47.14285714285714
809.6551724137931 0.08724838481058153 43.666666666666664 0.0 46.66666666666667
809.9014778325123 0.08985713856389281 44.57142857142857 0.0 47.04761904761905
810.1477832512315 0.09695979963277286 46.14285714285714 0.0 48.19047619047619
810.3940886699507 0.10689296290060968 48.14285714285714 0.0 49.80952380952381
810.64039408867 0.11552918953569086 50.04761904761905 0.0 51.04761904761905
810.8866995073892 0.12377706461662175 52.0 0.0 52.0952380952381
811.1330049261084 0.129919204786732 53.71428571428571 0.0 52.71428571428571
811.3793103448276 0.13599802994012497 55.52380952380952 0.0 53.23809523809524
811.6256157635468 0.13967934591211115 57.04761904761905 0.0 53.28571428571429
811.871921182266 0.14113442419952457 58.28571428571429 0.0 52.85714285714286
812.1182266009852 0.14331426977507408 59.71428571428571 0.0 52.47619047619048
812.3645320197045 0.1478822877553718 61.57142857142857 0.0 52.42857142857143
812.6108374384237 0.15282932051316092 63.52380952380952 0.0 52.42857142857143
812.8571428571429 0.16232744834355367 66.28571428571429 1.0476190476190474 53.14285714285714
813.1034482758621 0.1760913160099168 70.0 2.7142857142857153 54.52380952380952
813.3497536945813 0.187936476072905 73.52380952380952 4.0 55.61904761904762
813.5960591133005 0.1996818493353528 77.04761904761905 5.285714285714285 56.57142857142857
813.8423645320197 0.21617030514044994 81.42857142857143 7.333333333333332 58.14285714285714
814.0886699507389 0.22315888246953072 84.38095238095238 7.80952380952381 57.95238095238095
814.3349753694581 0.23130201058732114 87.57142857142857 8.476190476190474 57.80952380952381
814.5812807881773 0.24580085764129092 91.9047619047619 10.142857142857142 58.61904761904762
814.8275862068965 0.26152078001766405 96.47619047619048 12.0 59.57142857142857
815.0738916256157 0.26792464170848995 99.57142857142857 12.333333333333336 58.9047619047619
815.3201970443349 0.27879235796501445 103.42857142857143 13.38095238095238 58.95238095238095
815.5665024630542 0.2925238386873426 107.71428571428571 14.904761904761905 59.52380952380952
815.8128078817734 0.30298248741650524 111.57142857142858 15.857142857142854 59.47619047619048
816.0591133004926 0.3147161897081295 115.71428571428572 17.0 59.52380952380952
816.3054187192118 0.32974664948310733 120.42857142857142 18.666666666666664 60.0952380952381
816.551724137931 0.34615194962108736 125.42857142857142 20.523809523809526 60.9047619047619
816.7980295566502 0.36092710690930224 130.1904761904762 22.095238095238095 61.47619047619048
817.0443349753695 0.37664411154296945 135.0952380952381 23.80952380952381 62.28571428571429
817.2906403940887 0.3910227475974577 139.8095238095238 25.285714285714285 62.9047619047619
817.5369458128079 0.4029466867135042 144.0952380952381 26.38095238095238 63.0952380952381
817.7832512315271 0.41203370459664107 147.76190476190476 27.095238095238095 62.80952380952381
818.0295566502463 0.4222148759944761 151.42857142857142 28.095238095238095 62.61904761904762
818.2758620689655 0.4313970122898241 154.8095238095238 29.0 62.23809523809524
818.5221674876848 0.4377786991360855 157.66666666666666 29.476190476190474 61.42857142857143
818.768472906404 0.4448072495402366 160.52380952380952 30.095238095238095 60.80952380952381
819.0147783251232 0.45775210682906425 164.1904761904762 31.76190476190476 61.14285714285714
819.2610837438424 0.47297397052554657 168.0952380952381 33.857142857142854 61.9047619047619
819.5073891625616 0.484291602707315 171.1904761904762 35.38095238095238 62.14285714285714
819.7536945812808 0.4904413290084604 173.38095238095238 36.095238095238095 61.52380952380952
820.0 0.5004474358439437 176.0952380952381 37.476190476190474 61.61904761904762
820.2463054187192 0.5050936493287586 177.85714285714286 38.0 60.95238095238095
820.4926108374384 0.5086900589880042 179.38095238095238 38.38095238095238 60.14285714285714
820.7389162561576 0.5143350158010357 181.0 39.19047619047619 59.80952380952381
820.9852216748768 0.5191679648190255 182.38095238095238 39.904761904761905 59.42857142857143
821.231527093596 0.5213510199115514 183.1904761904762 40.23809523809524 58.71428571428571
821.4778325123152 0.5241809385619671 184.0 40.714285714285715 58.19047619047619
821.7241379310345 0.5296336161306824 185.14285714285714 41.666666666666664 58.0952380952381
821.9704433497537 0.5340032276069814 186.04761904761904 42.476190476190474 57.80952380952381
822.2167487684729 0.5376148095282973 186.76190476190476 43.19047619047619 57.42857142857143
822.4630541871921 0.5405348864283239 187.28571428571428 43.80952380952381 57.04761904761905
822.7093596059113 0.5431424730845528 187.71428571428572 44.38095238095238 56.71428571428571
822.9556650246305 0.5466014570623522 188.14285714285714 45.14285714285714 56.61904761904762
823.2019704433498 0.5499524845600348 188.47619047619048 45.9047619047619 56.61904761904762
823.448275862069 0.5533700365914109 188.8095238095238 46.66666666666667 56.71428571428571
823.6945812807882 0.55740118991383 189.14285714285714 47.57142857142857 56.95238095238095
823.9408866995074 0.5605395139682552 189.38095238095238 48.28571428571429 57.14285714285714
824.1871921182266 0.5637443625563742 189.61904761904762 49.0 57.42857142857143
824.4334975369458 0.5663688721202972 189.85714285714286 49.57142857142857 57.61904761904762
824.6798029556651 0.5687474159741159 190.0 50.0952380952381 57.95238095238095
824.9261083743843 0.5704551707798572 190.0 50.52380952380952 58.19047619047619
825.1724137931035 0.5727464741267706 190.0952380952381 51.04761904761905 58.52380952380952
825.4187192118227 0.5750377774736841 190.1904761904762 51.57142857142857 58.85714285714286
825.6650246305419 0.5772990280707271 190.38095238095238 52.04761904761905 59.14285714285714
825.9113300492611 0.5796268032014639 190.57142857142858 52.52380952380952 59.52380952380952
826.1576354679803 0.5819545783322004 190.76190476190476 53.0 59.9047619047619
826.4039408866995 0.5842823534629373 190.95238095238096 53.47619047619048 60.28571428571429
826.6502463054187 0.5869684273979539 191.1904761904762 54.0 60.80952380952381
826.8965517241379 0.5882621545137331 191.1904761904762 54.28571428571429 61.19047619047619
827.1428571428571 0.5919233380610489 191.57142857142858 54.95238095238095 62.0
827.3891625615763 0.5977474442762203 192.33333333333334 55.95238095238095 63.19047619047619
827.6354679802955 0.604155099032564 193.1904761904762 57.04761904761905 64.47619047619048
827.8817733990148 0.6082950841579118 193.66666666666666 57.76190476190476 65.47619047619048
828.128078817734 0.6113344967346083 193.95238095238096 58.28571428571429 66.38095238095238
828.3743842364532 0.61481944862249 194.33333333333334 58.85714285714286 67.42857142857143
828.6206896551724 0.6192462478558238 194.85714285714286 59.57142857142857 68.71428571428571
828.8669950738916 0.6249574374282781 195.52380952380952 60.52380952380952 70.23809523809524
829.1133004926108 0.6302356339831825 196.04761904761904 61.42857142857143 71.76190476190476
829.35960591133 0.6354756081086402 196.57142857142858 62.28571428571429 73.47619047619048
829.6059113300493 0.641040618771531 197.14285714285714 63.19047619047619 75.28571428571429
829.8522167487685 0.6471509555461474 197.8095238095238 64.14285714285714 77.38095238095238
830.0985221674877 0.6534990883512916 198.47619047619048 65.14285714285714 79.57142857142857
830.3448275862069 0.6602023104437391 199.0952380952381 66.23809523809524 81.9047619047619
830.5911330049261 0.6672431153672548 199.71428571428572 67.38095238095238 84.47619047619048
830.8374384236453 0.6737844027395271 200.1904761904762 68.47619047619048 86.95238095238095
831.0837438423646 0.6805127174192448 200.71428571428572 69.57142857142857 89.57142857142857
831.3300492610838 0.6877498864268652 201.23809523809524 70.76190476190476 92.42857142857143
831.576354679803 0.6957876840329739 201.8095238095238 72.0952380952381 95.57142857142857
831.8226600985222 0.7059802346273618 202.66666666666666 73.76190476190476 99.33333333333333
832.0689655172414 0.7144679481587147 203.1904761904762 75.14285714285714 103.0
832.3152709359606 0.7209257880895991 203.33333333333334 76.19047619047619 106.47619047619048
832.5615763546798 0.727158378283591 203.42857142857142 77.19047619047619 110.0
832.807881773399 0.7368922597246174 204.0952380952381 78.76190476190476 114.0952380952381
833.0541871921182 0.7476884912848484 204.95238095238096 80.47619047619048 118.47619047619048
833.3004926108374 0.7582594731081866 205.76190476190476 82.14285714285714 122.9047619047619
833.5467980295566 0.7677964069165673 206.38095238095238 83.61904761904762 127.33333333333334
833.7931034482758 0.7763483107874489 206.85714285714286 84.85714285714286 131.95238095238096
834.039408866995 0.7853250379963044 207.38095238095238 86.14285714285714 136.8095238095238
834.2857142857143 0.7947108327325215 207.9047619047619 87.52380952380952 141.76190476190476
834.5320197044335 0.8041298897355853 208.42857142857142 88.9047619047619 146.76190476190476
834.7783251231527 0.8140327084792811 209.04761904761904 90.38095238095238 151.71428571428572
835.0246305418719 0.8234899879117918 209.57142857142858 91.80952380952381 156.52380952380952
835.2709359605911 0.8324874310938587 210.14285714285714 93.0952380952381 161.28571428571428
835.5172413793103 0.8412106064615745 210.61904761904762 94.38095238095238 165.9047619047619
835.7635467980296 0.8510168479217064 211.33333333333334 95.80952380952381 170.71428571428572
836.0098522167488 0.8609278363449787 212.04761904761904 97.28571428571429 175.42857142857142
836.256157635468 0.8706217447109349 212.8095238095238 98.71428571428571 179.95238095238096
836.5024630541872 0.8797860827757771 213.52380952380952 100.04761904761905 184.33333333333334
836.7487684729064 0.8884383569957405 214.14285714285714 101.33333333333333 188.47619047619048
836.9950738916256 0.8965453051039781 214.66666666666666 102.57142857142857 192.33333333333334
837.2413793103449 0.904452679611135 215.1904761904762 103.80952380952381 195.9047619047619
837.4876847290641 0.9117099810434256 215.61904761904762 104.95238095238095 199.28571428571428
837.7339901477833 0.9165333015104861 215.66666666666666 105.71428571428571 202.14285714285714
837.9802955665025 0.9208112958658211 215.61904761904762 106.42857142857143 204.71428571428572
838.2266009852217 0.9245772263762773 215.47619047619048 107.0952380952381 207.04761904761904
838.4729064039409 0.9280595522957237 215.38095238095238 107.71428571428571 209.0952380952381
838.7192118226601 0.9306922315392228 215.1904761904762 108.23809523809524 210.66666666666666
838.9655172413793 0.9333330804622986 215.0952380952381 108.76190476190476 212.0
839.2118226600985 0.935790111594905 215.04761904761904 109.23809523809524 213.1904761904762
839.4581280788177 0.9379760844301369 215.0 109.66666666666666 214.23809523809524
839.7044334975369 0.939343922210645 214.95238095238096 109.9047619047619 215.0952380952381
839.9507389162561 0.9401107049937456 214.85714285714286 110.0 215.95238095238096
840.1970443349753 0.9403986861988144 214.66666666666666 110.04761904761904 216.61904761904762
840.4433497536946 0.940106328379687 214.47619047619048 109.95238095238096 217.1904761904762
840.6896551724138 0.9398314770167949 214.23809523809524 109.9047619047619 217.66666666666666
840.935960591133 0.9393488823732453 213.9047619047619 109.85714285714286 218.0952380952381
841.1822660098522 0.9382827391885232 213.47619047619048 109.71428571428572 218.42857142857142
841.4285714285714 0.9369455377064267 213.04761904761904 109.52380952380952 218.61904761904762
841.6748768472906 0.9350662196295811 212.61904761904762 109.23809523809524 218.52380952380952
841.9211822660099 0.9330696082959598 212.23809523809524 108.9047619047619 218.38095238095238
842.167487684729 0.9307812226917519 211.8095238095238 108.52380952380952 218.1904761904762
842.4137931034483 0.928781401841154 211.33333333333334 108.23809523809524 218.04761904761904
842.6600985221675 0.9271066175279893 210.9047619047619 108.0 218.0
842.9064039408867 0.9257236074854107 210.52380952380952 107.80952380952381 218.0
843.1527093596059 0.9249241459840045 210.23809523809524 107.71428571428571 218.0952380952381
843.3990147783252 0.9244339652094198 209.95238095238096 107.71428571428571 218.14285714285714
843.6453201970444 0.9244940707091605 209.76190476190476 107.80952380952381 218.23809523809524
843.8916256157636 0.9245541762089012 209.57142857142858 107.9047619047619 218.33333333333334
844.1379310344828 0.9244272544011962 209.33333333333334 108.0 218.28571428571428
844.384236453202 0.9243511013165733 209.04761904761904 108.14285714285714 218.1904761904762
844.6305418719212 0.9245144949081014 208.66666666666666 108.42857142857142 217.95238095238096
844.8768472906404 0.9254201622440009 208.42857142857142 108.85714285714286 217.66666666666666
845.1231527093596 0.9268428535873792 208.28571428571428 109.38095238095238 217.38095238095238
845.3694581280788 0.92884909347193 208.23809523809524 110.0 217.1904761904762
845.615763546798 0.9305460526296592 208.1904761904762 110.52380952380952 217.04761904761904
845.8620689655172 0.9324507550680459 208.23809523809524 111.04761904761904 216.95238095238096
846.1083743842364 0.9350437530107456 208.38095238095238 111.71428571428572 216.85714285714286
846.3546798029556 0.9375495104465399 208.47619047619048 112.38095238095238 216.76190476190476
846.6009852216749 0.9420976877764377 208.9047619047619 113.38095238095238 217.0
846.8472906403941 0.9466458651063352 209.33333333333334 114.38095238095238 217.23809523809524
847.0935960591133 0.951519078973666 209.8095238095238 115.42857142857142 217.57142857142858
847.3399014778325 0.9566540143617127 210.42857142857142 116.47619047619048 217.9047619047619
847.5862068965517 0.961497175479173 211.0 117.47619047619048 218.1904761904762
847.832512315271 0.9665988486003729 211.61904761904762 118.52380952380952 218.47619047619048
848.0788177339901 0.9714087474509863 212.1904761904762 119.52380952380952 218.71428571428572
848.3251231527094 0.9761678775785181 212.8095238095238 120.47619047619048 219.0
848.5714285714286 0.9818738152141019 213.57142857142858 121.61904761904762 219.28571428571428
848.8177339901478 0.9870294665753605 214.23809523809524 122.66666666666666 219.52380952380952
849.064039408867 0.9916348316622932 214.8095238095238 123.61904761904762 219.71428571428572
849.3103448275862 0.9952776334305621 215.1904761904762 124.42857142857142 219.76190476190476
849.5566502463054 0.9977848497377091 215.47619047619048 124.95238095238096 219.9047619047619
849.8029556650247 0.9991914934962056 215.57142857142858 125.28571428571428 219.95238095238096
850.0492610837439 0.999939894500259 215.47619047619048 125.52380952380952 220.04761904761904
850.2955665024631 1.0 215.28571428571428 125.61904761904762 220.14285714285714
850.5418719211823 0.9998348557628481 215.04761904761904 125.66666666666666 220.28571428571428
850.7881773399015 0.9986563794839505 214.66666666666666 125.52380952380952 220.33333333333334
851.0344827586207 0.9965643579638475 214.14285714285714 125.1904761904762 220.42857142857142
851.2807881773399 0.9940425529431707 213.57142857142858 124.76190476190476 220.52380952380952
851.5270935960591 0.9887900325240778 212.57142857142858 123.85714285714286 220.28571428571428
851.7733990147783 0.9826114205701443 211.47619047619048 122.76190476190476 219.95238095238096
852.0197044334975 0.9758159978081915 210.28571428571428 121.57142857142858 219.47619047619048
852.2660098522167 0.9686208442955357 208.95238095238096 120.33333333333334 219.04761904761904
852.5123152709359 0.9596368227299157 207.33333333333334 118.76190476190476 218.52380952380952
852.7586206896551 0.9499945584098534 205.52380952380952 117.0952380952381 218.04761904761904
853.0049261083744 0.940060519819205 203.66666666666666 115.38095238095238 217.52380952380952
853.2512315270936 0.9296934882110063 201.66666666666666 113.61904761904762 217.0
853.4975369458128 0.9180878748241693 199.47619047619048 111.61904761904762 216.42857142857142
853.743842364532 0.9061365089266878 197.1904761904762 109.57142857142858 215.85714285714286
853.9901477832512 0.8944436550329454 194.95238095238096 107.57142857142857 215.28571428571428
854.2364532019704 0.8835960712010913 192.95238095238096 105.66666666666667 214.8095238095238
854.4827586206897 0.8732115331366577 191.0 103.85714285714286 214.38095238095238
854.7290640394089 0.8636991083670064 189.0952380952381 102.23809523809524 214.0952380952381
854.9753694581281 0.8543279023443183 187.28571428571428 100.61904761904762 213.76190476190476
855.2216748768473 0.8450646528017476 185.57142857142858 99.0 213.33333333333334
855.4679802955665 0.8355096289885906 183.8095238095238 97.33333333333333 212.85714285714286
855.7142857142857 0.8263843886760072 182.0952380952381 95.76190476190476 212.38095238095238
855.960591133005 0.817638163140915 180.47619047619048 94.23809523809524 211.95238095238096
856.2068965517242 0.8091171873427155 178.9047619047619 92.76190476190476 211.47619047619048
856.4532019704434 0.8007642735243735 177.23809523809524 91.38095238095238 211.0
856.6995073891626 0.7932327042777316 175.66666666666666 90.14285714285714 210.71428571428572
856.9458128078818 0.786351208105956 174.1904761904762 89.0 210.61904761904762
857.192118226601 0.7796109306811441 172.8095238095238 87.85714285714286 210.47619047619048
857.4384236453202 0.7746927835761429 171.71428571428572 87.04761904761905 210.47619047619048
857.6847290640394 0.7700871267149396 170.71428571428572 86.28571428571429 210.42857142857142
857.9310344827586 0.7657732441243225 169.76190476190476 85.57142857142857 210.42857142857142
858.1773399014778 0.7617003670812096 168.9047619047619 84.85714285714286 210.52380952380952
858.423645320197 0.7568186917600318 167.9047619047619 84.0 210.57142857142858
858.6699507389162 0.7525412809532381 167.04761904761904 83.23809523809524 210.61904761904762
858.9162561576354 0.7484508974538902 166.23809523809524 82.47619047619048 210.8095238095238
859.1625615763547 0.7443573044375658 165.33333333333334 81.76190476190476 211.0
859.4088669950739 0.7410725096993063 164.57142857142858 81.19047619047619 211.23809523809524
859.6551724137931 0.7377702085048115 163.85714285714286 80.57142857142857 211.57142857142858
859.9014778325123 0.734759681580903 163.1904761904762 80.0 211.95238095238096
860.1477832512315 0.7319869506875222 162.52380952380952 79.47619047619048 212.42857142857142
860.3940886699507 0.729439469531034 161.9047619047619 79.0 212.85714285714286
860.64039408867 0.7272502871788254 161.33333333333334 78.57142857142857 213.42857142857142
860.8866995073892 0.7251991140566044 160.76190476190476 78.19047619047619 213.95238095238096
861.1330049261084 0.7235062397386632 160.23809523809524 77.85714285714286 214.61904761904762
861.3793103448276 0.7229203570033264 160.0952380952381 77.61904761904762 215.38095238095238
861.6256157635468 0.7224392212311296 159.95238095238096 77.42857142857143 216.04761904761904
861.871921182266 0.7218915609252394 159.8095238095238 77.23809523809524 216.61904761904762
862.1182266009853 0.721172629122515 159.66666666666666 77.0 217.1904761904762
862.3645320197045 0.7187331044461437 159.14285714285714 76.52380952380952 217.52380952380952
862.6108374384237 0.716672594547264 158.71428571428572 76.0952380952381 217.9047619047619
862.8571428571429 0.714696115638313 158.23809523809524 75.71428571428571 218.28571428571428
863.1034482758621 0.7126531121956683 157.76190476190476 75.33333333333333 218.57142857142858
863.3497536945813 0.7114364134873239 157.38095238095238 75.14285714285714 218.8095238095238
863.5960591133005 0.7096361662378069 156.9047619047619 74.85714285714286 218.95238095238096
863.8423645320197 0.707357117410258 156.33333333333334 74.52380952380952 218.9047619047619
864.0886699507389 0.7047862943121231 155.71428571428572 74.14285714285714 218.8095238095238
864.3349753694581 0.7017617622232264 154.9047619047619 73.71428571428571 218.8095238095238
864.5812807881773 0.6984661718369554 154.0952380952381 73.23809523809524 218.66666666666666
864.8275862068965 0.695254612440613 153.23809523809524 72.80952380952381 218.52380952380952
865.0738916256157 0.6917687852299198 152.28571428571428 72.38095238095238 218.23809523809524
865.3201970443349 0.6879911837486401 151.28571428571428 71.9047619047619 217.9047619047619
865.5665024630542 0.6836682561556349 150.1904761904762 71.38095238095238 217.28571428571428
865.8128078817734 0.6787792864776924 148.95238095238096 70.80952380952381 216.47619047619048
866.0591133004926 0.6731737191911901 147.61904761904762 70.14285714285714 215.38095238095238
866.3054187192118 0.6653687574530089 145.8095238095238 69.19047619047619 213.85714285714286
866.551724137931 0.6595396910752376 144.33333333333334 68.57142857142857 212.57142857142858
866.7980295566502 0.654227648704945 142.95238095238096 68.04761904761905 211.28571428571428
867.0443349753695 0.6471492049005236 141.23809523809524 67.28571428571429 209.57142857142858
867.2906403940887 0.6390623892169566 139.38095238095238 66.38095238095238 207.52380952380952
867.5369458128079 0.6298084764510444 137.33333333333334 65.28571428571429 205.28571428571428
867.7832512315271 0.6201454961577705 135.28571428571428 64.0952380952381 202.95238095238096
868.0295566502463 0.6101242170602166 133.1904761904762 62.85714285714286 200.47619047619048
868.2758620689655 0.5978559843048784 130.76190476190476 61.23809523809524 197.61904761904762
868.5221674876848 0.5850217094646029 128.1904761904762 59.57142857142857 194.57142857142858
868.768472906404 0.5736130437104116 125.85714285714286 58.14285714285714 191.71428571428572
869.0147783251232 0.5641834828336064 123.95238095238096 57.0 189.0952380952381
869.2610837438424 0.5532699580166001 121.9047619047619 55.61904761904762 185.95238095238096
869.5073891625616 0.5373265365489581 118.95238095238096 53.47619047619048 181.9047619047619
869.7536945812808 0.5171809820363334 115.38095238095238 50.61904761904762 177.14285714285714
870.0 0.49593981513765756 111.61904761904762 47.61904761904762 172.04761904761904
870.2463054187192 0.47696631786997773 108.23809523809524 45.0 167.23809523809524
870.4926108374384 0.45819735436597886 104.85714285714286 42.42857142857143 162.47619047619048
870.7389162561576 0.4404242164474907 101.66666666666667 40.0 157.9047619047619
870.9852216748768 0.42096695743917895 98.19047619047619 37.285714285714285 153.14285714285714
871.231527093596 0.40072161612601387 94.61904761904762 34.42857142857143 148.23809523809524
871.4778325123152 0.3809186046070573 91.04761904761905 31.666666666666664 143.47619047619048
871.7241379310345 0.3622826901704458 87.66666666666667 29.095238095238095 138.9047619047619
871.9704433497537 0.3429584802295212 84.19047619047619 26.38095238095238 134.33333333333334
872.2167487684729 0.32727678028259494 81.38095238095238 24.23809523809524 130.28571428571428
872.4630541871921 0.3103614587196302 78.38095238095238 21.904761904761905 125.95238095238096
872.7093596059113 0.29202052807058126 75.14285714285714 19.333333333333336 121.42857142857142
872.9556650246305 0.2748466945038771 72.0952380952381 16.95238095238095 117.0952380952381
873.2019704433498 0.2628200508445843 69.9047619047619 15.38095238095238 113.71428571428572
873.448275862069 0.2533986596473557 68.0952380952381 14.23809523809524 110.85714285714286
873.6945812807882 0.24219336055976304 66.0 12.80952380952381 107.66666666666667
873.9408866995074 0.22784506902941576 63.38095238095238 10.857142857142858 104.04761904761905
874.1871921182266 0.21426735334768676 60.9047619047619 9.0 100.66666666666667
874.4334975369458 0.20484421150483464 59.19047619047619 7.761904761904763 98.04761904761905
874.6798029556651 0.19760149878607314 57.80952380952381 6.904761904761905 95.71428571428571
874.9261083743843 0.19294653207314072 56.85714285714286 6.428571428571427 94.0
875.1724137931035 0.18806631562331588 55.85714285714286 5.904761904761905 92.33333333333333
875.4187192118227 0.18170972136432473 54.66666666666667 5.095238095238095 90.52380952380952
875.6650246305419 0.1737562465224154 53.23809523809524 4.0 88.52380952380952
875.9113300492611 0.17047436952686174 52.66666666666667 3.6190476190476204 87.28571428571429
876.1576354679803 0.16492482290031216 51.71428571428571 2.8571428571428577 85.76190476190476
876.4039408866995 0.1601665680955923 50.95238095238095 2.19047619047619 84.38095238095238
876.6502463054187 0.15547483782456603 50.19047619047619 1.5238095238095255 83.0952380952381
876.8965517241379 0.15224197890647084 49.66666666666667 1.095238095238095 82.04761904761905
877.1428571428571 0.14543634404504757 48.57142857142857 0.04761904761904745 80.57142857142857
877.3891625615763 0.13924751999164356 47.57142857142857 0.0 79.23809523809524
877.6354679802955 0.13451756729117054 46.80952380952381 0.0 78.14285714285714
877.8817733990148 0.12868704204204637 45.85714285714286 0.0 76.95238095238095
878.128078817734 0.12256474252233598 44.85714285714286 0.0 75.71428571428571
878.3743842364532 0.11509152812981147 43.714285714285715 0.0 74.14285714285714
878.6206896551724 0.10856016108273923 42.714285714285715 0.0 72.80952380952381
878.8669950738916 0.1038967329159599 41.95238095238095 0.0 71.80952380952381
879.1133004926108 0.10069217610211162 41.42857142857143 0.0 71.04761904761905
879.35960591133 0.09905123760433482 41.142857142857146 0.0 70.42857142857143
879.6059113300493 0.0996397463081072 41.23809523809524 0.0 70.28571428571429
879.8522167487685 0.09935293220012097 41.19047619047619 0.0 70.0
880.0985221674877 0.09557912378435894 40.42857142857143 0.0 69.04761904761905
880.3448275862069 0.0935559609921142 39.95238095238095 0.0 68.38095238095238
880.5911330049261 0.09211634674104187 39.57142857142857 0.0 67.80952380952381
880.8374384236454 0.0865886831847862 38.42857142857143 0.0 66.57142857142857
881.0837438423646 0.08572940795790986 38.04761904761905 0.0 66.0952380952381
881.3300492610838 0.08301474014437579 37.38095238095238 0.0 65.42857142857143
881.576354679803 0.07843213345054882 36.476190476190474 0.0 64.42857142857143
881.8226600985222 0.07239065540379082 35.333333333333336 0.0 63.19047619047619
882.0689655172414 0.07626950255696377 35.80952380952381 0.0 63.57142857142857
882.3152709359606 0.07621406544555243 35.57142857142857 0.0 63.38095238095238
882.5615763546798 0.07849282249883067 35.714285714285715 0.0 63.57142857142857
882.807881773399 0.08339754798738484 36.285714285714285 0.0 64.19047619047619
883.0541871921182 0.08188323952304245 35.80952380952381 0.0 63.76190476190476
883.3004926108374 0.08036893105870005 35.333333333333336 0.0 63.33333333333333
883.5467980295566 0.08089704248846107 35.19047619047619 0.0 63.23809523809524
883.7931034482758 0.07809834368499818 34.57142857142857 0.0 62.57142857142857
884.039408866995 0.0749746083441023 33.904761904761905 0.0 61.80952380952381
884.2857142857143 0.07262144885182453 33.38095238095238 0.0 61.28571428571429
884.5320197044335 0.0697022472746095 32.714285714285715 0.0 60.57142857142857
884.7783251231527 0.06599175387556468 31.857142857142854 0.0 59.71428571428571
885.0246305418719 0.0654099559800158 31.666666666666664 0.0 59.38095238095238
885.2709359605911 0.06680084392790024 31.714285714285715 0.0 59.28571428571429
885.5172413793103 0.06702463479343987 31.57142857142857 0.0 59.0
885.7635467980296 0.06575629203920161 31.19047619047619 0.0 58.42857142857143
886.0098522167488 0.06787194727522218 31.42857142857143 0.0 58.38095238095238
886.256157635468 0.06650702723741994 31.142857142857146 0.0 57.66666666666667
886.5024630541872 0.06555117472697951 30.857142857142854 0.0 57.04761904761905
886.7487684729064 0.06955548481650461 31.38095238095238 0.0 57.23809523809524
886.9950738916257 0.06539011532961596 30.57142857142857 0.0 56.0952380952381
887.2413793103449 0.06344164675064126 30.19047619047619 0.0 55.28571428571429
887.4876847290641 0.05968855430809087 29.476190476190474 0.0 54.23809523809524
887.7339901477833 0.05680757516032266 28.80952380952381 0.0 53.33333333333333
887.9802955665025 0.05661908898152396 28.57142857142857 0.0 52.95238095238095
888.2266009852217 0.05653038960326575 28.333333333333336 0.0 52.71428571428571
888.4729064039409 0.05556636741324894 27.95238095238095 0.0 52.33333333333333
888.7192118226601 0.055185893764404526 27.666666666666664 0.0 52.04761904761905
888.9655172413793 0.0536715853000621 27.19047619047619 0.0 51.61904761904762
889.2118226600985 0.05401266942237736 27.0 0.0 51.38095238095238
889.4581280788177 0.05550334417080232 27.04761904761905 0.0 51.42857142857143
889.7044334975369 0.056293177121279146 27.04761904761905 0.0 51.33333333333333
889.9507389162561 0.05627421179369104 26.904761904761905 0.0 51.19047619047619
890.1970443349753 0.0545743348932558 26.57142857142857 0.0 50.85714285714286
890.4433497536945 0.05345800653399296 26.333333333333336 0.0 50.61904761904762
890.6896551724138 0.05295848898274938 26.19047619047619 0.0 50.52380952380952
890.935960591133 0.04936674771183317 25.476190476190474 0.0 49.95238095238095
891.1822660098522 0.05052742576022513 25.476190476190474 0.0 50.14285714285714
891.4285714285714 0.05110455526744462 25.38095238095238 0.0 50.23809523809524
891.6748768472906 0.045659172055494246 24.285714285714285 0.0 49.23809523809524
891.9211822660099 0.04481565263922949 23.95238095238095 0.0 48.9047619047619
892.167487684729 0.04740369041932916 24.095238095238095 0.0 49.04761904761905
892.4137931034483 0.04952868243200854 24.19047619047619 0.0 49.14285714285714
892.6600985221675 0.04786702796102007 23.857142857142854 0.0 48.61904761904762
892.9064039408867 0.04708069630179026 23.666666666666664 0.0 48.23809523809524
893.1527093596059 0.045798056608293315 23.42857142857143 0.0 47.76190476190476
893.3990147783252 0.0432642888425227 23.04761904761905 0.0 47.0952380952381
893.6453201970444 0.042772940970855544 23.0 0.0 46.76190476190476
893.8916256157636 0.04717523116546024 23.76190476190476 0.0 47.14285714285714
894.1379310344828 0.04651261179695897 23.714285714285715 0.0 46.80952380952381
894.384236453202 0.04004631041222746 22.523809523809526 0.0 45.33333333333333
894.6305418719212 0.03564139424918747 21.80952380952381 0.0 44.33333333333333
894.8768472906404 0.03211180089790614 21.23809523809524 0.0 43.476190476190474
895.1231527093596 0.02770688473486619 20.523809523809526 0.0 42.476190476190474
895.3694581280788 0.02855390544237794 20.666666666666664 0.0 42.333333333333336
895.615763546798 0.031665386263909225 21.095238095238095 0.0 42.476190476190474
895.8620689655172 0.03134706053469971 20.95238095238095 0.0 41.904761904761905
896.1083743842364 0.029211564648279228 20.523809523809526 0.0 40.95238095238095
896.3546798029556 0.027367843032444997 20.142857142857146 0.0 40.04761904761905
896.6009852216748 0.028129373878675003 20.142857142857146 0.0 39.666666666666664
896.8472906403941 0.024289040929219387 19.38095238095238 0.0 38.61904761904762
897.0935960591133 0.02022666775984763 18.666666666666664 0.0 37.61904761904762
897.3399014778325 0.018431964221471874 18.333333333333336 0.0 36.904761904761905
897.5862068965517 0.019843568142567936 18.42857142857143 0.0 36.714285714285715
897.832512315271 0.01622848493000484 17.714285714285715 0.0 35.61904761904762
898.0788177339901 0.014364047340959016 17.285714285714285 0.0 34.80952380952381
898.3251231527094 0.014334286365359192 17.095238095238095 0.0 34.285714285714285
898.5714285714286 0.014888073930931823 17.0 0.0 33.857142857142854
898.8177339901478 0.010548223430232604 16.095238095238095 0.0 32.714285714285715
899.064039408867 0.007083695741291979 15.333333333333336 0.0 31.714285714285715
899.3103448275862 0.010006398609754013 15.80952380952381 0.0 31.95238095238095
899.5566502463055 0.015344117115858074 16.523809523809526 0.0 32.57142857142857
899.8029556650247 0.014757359057709196 16.333333333333336 0.0 32.476190476190474
900.0492610837439 0.014820674074426393 16.23809523809524 0.0 32.57142857142857
900.2955665024631 0.011607947581001664 15.61904761904762 0.0 32.04761904761905
900.5418719211823 0.009066010135654601 15.142857142857146 0.0 31.61904761904762
900.7881773399015 0.009441815396169659 15.142857142857146 0.0 31.666666666666664
901.0344827586207 0.009213356142300651 15.0 0.0 31.714285714285715
901.2807881773399 0.009947460207095535 15.047619047619051 0.0 31.904761904761905
901.5270935960591 0.011989880101198974 15.38095238095238 0.0 32.23809523809524
901.7733990147783 0.011322300570097733 15.333333333333336 0.0 32.142857142857146
902.0197044334975 0.011304794113862567 15.38095238095238 0.0 32.23809523809524
902.2660098522167 0.01020422156521141 15.19047619047619 0.0 32.142857142857146
902.5123152709359 0.007644777663629181 14.76190476190476 0.0 31.80952380952381
902.7586206896551 0.011125352937452036 15.285714285714285 0.0 32.476190476190474
903.0049261083744 0.013143847341367438 15.476190476190474 0.0 32.904761904761905
903.2512315270936 0.013495727111694396 15.333333333333336 0.0 33.04761904761905
903.4975369458128 0.013489308077741482 15.142857142857146 0.0 33.04761904761905
903.743842364532 0.01398240659503217 15.095238095238095 0.0 33.142857142857146
903.9901477832512 0.017567728831995467 15.61904761904762 0.0 33.714285714285715
904.2364532019704 0.019402405445441553 15.857142857142854 0.0 34.0
904.4827586206897 0.017669266278159443 15.523809523809526 0.0 33.61904761904762
904.7290640394089 0.019234635239854466 15.666666666666664 0.0 33.523809523809526
904.9753694581281 0.01694041415023511 15.19047619047619 0.0 32.714285714285715
905.2216748768473 0.013837394782550801 14.57142857142857 0.0 31.857142857142854
905.4679802955665 0.0155722845954564 14.80952380952381 0.0 32.0
905.7142857142858 0.01490149554737869 14.666666666666664 0.0 31.904761904761905
905.960591133005 0.014609721276792484 14.61904761904762 0.0 31.857142857142854
906.2068965517242 0.011021189522852741 14.0 0.0 31.285714285714285
906.4532019704434 0.008082730843779053 13.476190476190474 0.0 30.904761904761905
906.6995073891626 0.011647337107530738 13.952380952380949 0.0 31.57142857142857
906.9458128078818 0.011644127590554314 13.857142857142854 0.0 31.57142857142857
907.192118226601 0.009514467189545598 13.476190476190474 0.0 31.23809523809524
907.4384236453202 0.011466437059767336 13.666666666666664 0.0 31.57142857142857
907.6847290640394 0.014465001238581776 14.0 0.0 32.04761904761905
907.9310344827586 0.01746356541739624 14.333333333333336 0.0 32.523809523809526
908.1773399014778 0.02008953385267209 14.76190476190476 0.0 32.95238095238095
908.423645320197 0.019864284115779524 14.714285714285715 0.0 33.0
908.6699507389162 0.017821864221676066 14.38095238095238 0.0 32.666666666666664
908.9162561576354 0.016772060396106896 14.142857142857146 0.0 32.523809523809526
909.1625615763546 0.0164105520748506 14.0 0.0 32.38095238095238
909.4088669950739 0.010881137872971394 12.952380952380949 0.0 31.38095238095238
909.6551724137931 0.009403301192452264 12.57142857142857 0.0 31.0
909.9014778325123 0.0114267557589676 12.76190476190476 0.0 31.19047619047619
910.1477832512315 0.014550782874134117 13.142857142857146 0.0 31.476190476190474
910.3940886699507 0.01427826570540661 12.952380952380949 0.0 31.095238095238095
910.64039408867 0.01750703978371359 13.333333333333336 0.0 31.285714285714285
910.8866995073892 0.019776460060333102 13.61904761904762 0.0 31.333333333333336
911.1330049261084 0.022734175841265487 14.0 0.0 31.38095238095238
911.3793103448276 0.02246165867253796 13.80952380952381 0.0 31.0
911.6256157635468 0.01924747330776027 13.0 0.0 30.23809523809524
911.871921182266 0.02227784088206862 13.142857142857146 0.0 30.523809523809526
912.1182266009853 0.026767079809308036 13.523809523809526 0.0 31.04761904761905
912.3645320197045 0.024840494300627316 12.952380952380949 0.0 30.523809523809526
912.6108374384237 0.021629518452826096 12.23809523809524 0.0 29.76190476190476
912.8571428571429 0.017754172590900105 11.571428571428573 0.0 28.904761904761905
913.1034482758621 0.014272138445724291 10.857142857142858 0.0 28.0
913.3497536945813 0.015750266900514016 10.952380952380953 0.0 27.904761904761905
913.5960591133005 0.017312426345232574 11.0 0.0 27.80952380952381
913.8423645320197 0.016248617354675258 10.61904761904762 0.0 27.285714285714285
914.0886699507389 0.014496512859805088 10.142857142857142 0.0 26.76190476190476
914.3349753694581 0.015887400807689536 10.19047619047619 0.0 26.666666666666664
914.5812807881773 0.012059614151869085 9.38095238095238 0.0 25.76190476190476
914.8275862068965 0.009107150307807272 8.714285714285715 0.0 25.0
915.0738916256157 0.00709653380919772 8.19047619047619 0.0 24.476190476190474
915.3201970443349 0.003939536201454956 7.5238095238095255 0.0 23.666666666666664
915.5665024630542 0.0010649760876396558 7.0476190476190474 0.0 22.76190476190476
915.8128078817734 0.0 6.38095238095238 0.0 21.714285714285715
916.0591133004926 0.0 5.80952380952381 0.0 20.857142857142854
916.3054187192118 0.0 5.714285714285715 0.0 20.42857142857143
916.551724137931 0.0 5.857142857142858 0.0 20.0
916.7980295566502 0.0 5.571428571428573 0.0 19.095238095238095
917.0443349753695 0.0 5.285714285714285 0.0 18.38095238095238
917.2906403940887 0.0 5.333333333333332 0.0 18.0
917.5369458128079 0.0 5.333333333333332 0.0 17.61904761904762
917.7832512315271 0.0 5.095238095238095 0.0 17.04761904761905
918.0295566502463 0.0 4.80952380952381 0.0 16.476190476190474
918.2758620689656 0.0 4.333333333333332 0.0 15.714285714285715
918.5221674876848 0.0 4.095238095238095 0.0 15.23809523809524
918.768472906404 0.0 3.6190476190476204 0.0 14.57142857142857
919.0147783251232 0.0 3.095238095238095 0.0 13.76190476190476
919.2610837438424 0.0 3.0476190476190474 0.0 13.42857142857143
919.5073891625616 0.0 3.8571428571428577 0.0 13.952380952380949
919.7536945812808 0.0 5.142857142857142 0.0 14.952380952380949
920.0 0.0 5.904761904761905 0.0 15.42857142857143
920.2463054187192 0.0 6.0 0.0 15.38095238095238
920.4926108374384 0.0 5.9523809523809526 0.0 15.476190476190474
920.7389162561576 0.0 6.095238095238095 0.0 15.76190476190476
920.9852216748768 0.0 6.19047619047619 0.0 16.0
921.231527093596 0.0 6.19047619047619 0.0 16.04761904761905
921.4778325123152 0.0 6.238095238095237 0.0 16.142857142857146
921.7241379310345 0.0 6.238095238095237 0.0 16.142857142857146
921.9704433497537 0.0 6.095238095238095 0.0 15.80952380952381
922.2167487684729 0.0 5.714285714285715 0.0 15.23809523809524
922.4630541871921 0.0 5.4761904761904745 0.0 14.80952380952381
922.7093596059113 0.0 5.714285714285715 0.0 14.857142857142854
922.9556650246305 0.0 5.857142857142858 0.0 14.857142857142854
923.2019704433498 0.0 5.61904761904762 0.0 14.523809523809526
923.448275862069 0.0 6.19047619047619 0.0 15.095238095238095
923.6945812807882 0.0 6.5238095238095255 0.0 15.38095238095238
923.9408866995074 0.0 6.714285714285715 0.0 15.61904761904762
924.1871921182266 0.0 7.0 0.0 16.0
924.4334975369458 0.0 7.0 0.0 16.0
924.6798029556651 0.0 6.333333333333332 0.0 15.19047619047619
924.9261083743843 0.0 5.714285714285715 0.0 14.42857142857143
925.1724137931035 0.0 5.714285714285715 0.0 14.285714285714285
925.4187192118227 0.0 6.238095238095237 0.0 14.76190476190476
925.6650246305419 0.0 6.428571428571427 0.0 14.857142857142854
925.9113300492611 0.0 6.761904761904763 0.0 15.142857142857146
926.1576354679803 0.0 7.4761904761904745 0.0 15.857142857142854
926.4039408866995 0.001663696890882509 8.428571428571427 0.0 16.80952380952381
926.6502463054187 0.00547251821911488 9.095238095238095 0.0 17.57142857142857
926.8965517241379 0.0058308170233947075 9.142857142857142 0.0 17.714285714285715
927.1428571428571 0.003288879578047688 8.666666666666668 0.0 17.285714285714285
927.3891625615763 0.0 7.9523809523809526 0.0 16.61904761904762
927.6354679802955 0.0 7.38095238095238 0.0 16.142857142857146
927.8817733990147 0.0 7.0476190476190474 0.0 15.952380952380949
928.128078817734 0.0002663899090451901 7.4761904761904745 0.0 16.57142857142857
928.3743842364532 0.00395004007519606 7.80952380952381 0.0 17.04761904761905
928.6206896551724 0.00533596786048053 7.857142857142858 0.0 17.19047619047619
928.8669950738916 0.0051282245798231554 7.761904761904763 0.0 17.142857142857146
929.1133004926108 0.010329392727292868 8.666666666666668 0.0 18.04761904761905
929.35960591133 0.01122047134966314 8.857142857142858 0.0 18.333333333333336
929.6059113300493 0.00888131702237354 8.476190476190474 0.0 18.19047619047619
929.8522167487685 0.007967771781168123 8.333333333333332 0.0 18.23809523809524
930.0985221674877 0.01030196594585779 8.714285714285715 0.0 18.61904761904762
930.3448275862069 0.0076476954063350745 8.285714285714285 0.0 17.904761904761905
930.5911330049261 0.004752419319308163 7.761904761904763 0.0 17.095238095238095
930.8374384236454 0.0017573564317407211 7.238095238095237 0.0 16.142857142857146
931.0837438423646 0.0 6.238095238095237 0.0 14.857142857142854
931.3300492610838 0.0 5.4761904761904745 0.0 13.952380952380949
931.576354679803 0.0 4.761904761904763 0.0 13.142857142857146
931.8226600985222 0.0 4.571428571428573 0.0 12.857142857142854
932.0689655172414 0.0 5.0 0.0 13.23809523809524
932.3152709359606 0.0 5.61904761904762 0.0 13.80952380952381
932.5615763546798 0.0 5.9523809523809526 0.0 14.047619047619051
932.807881773399 0.0 6.19047619047619 0.0 14.142857142857146
933.0541871921182 0.0 5.857142857142858 0.0 13.57142857142857
933.3004926108374 0.0 4.38095238095238 0.0 11.857142857142858
933.5467980295566 0.0 4.142857142857142 0.0 11.428571428571427
933.7931034482758 0.0 4.333333333333332 0.0 11.476190476190474
934.039408866995 0.0 3.7142857142857153 0.0 10.761904761904763
934.2857142857143 0.0 4.19047619047619 0.0 11.142857142857142
934.5320197044335 0.0 4.857142857142858 0.0 11.714285714285715
934.7783251231527 0.0 4.904761904761905 0.0 11.714285714285715
935.0246305418719 0.0 4.857142857142858 0.0 11.857142857142858
935.2709359605911 0.0 4.9523809523809526 0.0 12.42857142857143
935.5172413793103 0.0 5.142857142857142 0.0 13.142857142857146
935.7635467980296 0.0 5.142857142857142 0.0 13.76190476190476
936.0098522167488 0.0 5.666666666666668 0.0 14.714285714285715
936.256157635468 0.0 5.857142857142858 0.0 15.19047619047619
936.5024630541872 0.0 5.80952380952381 0.0 15.38095238095238
936.7487684729064 0.0 5.571428571428573 0.0 15.38095238095238
936.9950738916257 0.0 5.0476190476190474 0.0 15.0
937.2413793103449 0.0 5.0 0.0 15.095238095238095
937.4876847290641 0.0 5.428571428571427 0.0 15.57142857142857
937.7339901477833 0.0017806983733876089 5.80952380952381 0.0 16.0
937.9802955665025 0.002778274604521834 5.904761904761905 0.0 15.952380952380949
938.2266009852217 0.0059055112366648175 6.38095238095238 0.0 16.23809523809524
938.4729064039409 0.005119179577434988 6.19047619047619 0.0 15.857142857142854
938.7192118226601 0.003682774843339082 5.904761904761905 0.0 15.285714285714285
938.9655172413793 0.0014375718311782242 5.4761904761904745 0.0 14.666666666666664
939.2118226600985 0.0 4.4761904761904745 0.0 13.61904761904762
939.4581280788177 0.0 4.19047619047619 0.0 13.333333333333336
939.7044334975369 0.0 4.285714285714285 0.0 13.38095238095238
939.9507389162561 0.0 4.0 0.0 13.0
940.1970443349753 0.0 4.0 0.0 12.904761904761905
940.4433497536945 0.0 4.095238095238095 0.0 12.904761904761905
940.6896551724138 0.0 3.7619047619047628 0.0 12.57142857142857
940.935960591133 0.0 2.8571428571428577 0.0 11.666666666666668
941.1822660098522 0.0 2.7619047619047628 0.0 11.571428571428573
941.4285714285714 0.0 3.4761904761904745 0.0 12.142857142857146
941.6748768472906 0.0 4.4761904761904745 0.0 13.0
941.9211822660099 0.00011408373979920626 5.285714285714285 0.0 13.76190476190476
942.167487684729 0.0 5.238095238095237 0.0 13.61904761904762
942.4137931034483 0.0 4.571428571428573 0.0 12.857142857142854
942.6600985221675 0.0 3.6190476190476204 0.0 11.80952380952381
942.9064039408867 0.0 2.8571428571428577 0.0 11.047619047619047
943.1527093596059 0.0 2.7619047619047628 0.0 11.095238095238095
943.3990147783252 0.0 2.8571428571428577 0.0 11.285714285714285
943.6453201970444 0.0 2.7619047619047628 0.0 11.428571428571427
943.8916256157636 0.0 2.2380952380952372 0.0 11.047619047619047
944.1379310344828 0.0 1.6190476190476204 0.0 10.523809523809526
944.384236453202 0.0 1.095238095238095 0.0 10.047619047619047
944.6305418719212 0.0 0.9523809523809526 0.0 10.0
944.8768472906404 0.0 0.7619047619047628 0.0 9.80952380952381
945.1231527093596 0.0 0.33333333333333215 0.0 9.285714285714285
945.3694581280788 0.0 0.0 0.0 8.761904761904763
945.615763546798 0.0 0.1904761904761898 0.0 8.761904761904763
945.8620689655172 0.0 0.571428571428573 0.0 8.904761904761905
946.1083743842364 0.0 0.0 0.0 7.714285714285715
946.3546798029556 0.0 0.0 0.0 6.19047619047619
946.6009852216748 0.0 0.0 0.0 4.9523809523809526
946.8472906403941 0.0 0.0 0.0 4.428571428571427
947.0935960591133 0.0 0.0 0.0 4.61904761904762
947.3399014778325 0.0 0.0 0.0 4.761904761904763
947.5862068965517 0.0 0.0 0.0 5.0476190476190474
947.832512315271 0.0 0.0 0.0 5.333333333333332
948.0788177339901 0.0 0.0 0.0 4.904761904761905
948.3251231527094 0.0 0.0 0.0 4.61904761904762
948.5714285714286 0.0 0.0 0.0 4.80952380952381
948.8177339901478 0.0 0.0 0.0 5.5238095238095255
949.064039408867 0.0 0.0 0.0 6.5238095238095255
949.3103448275863 0.0 0.0 0.0 7.0476190476190474
949.5566502463055 0.0 0.0 0.0 6.904761904761905
949.8029556650247 0.0 0.0 0.0 6.80952380952381
950.0492610837439 0.0 0.0 0.0 6.904761904761905
950.2955665024631 0.0 0.0 0.0 7.19047619047619
950.5418719211823 0.0 0.0 0.0 7.666666666666668
950.7881773399015 0.0 0.0 0.0 8.904761904761905
951.0344827586207 0.0 0.6666666666666679 0.0 9.714285714285715
951.2807881773399 0.0 0.9523809523809526 0.0 10.095238095238095
951.5270935960591 0.0 0.9047619047619051 0.0 9.952380952380953
951.7733990147783 0.0 0.7619047619047628 0.0 9.714285714285715
952.0197044334975 0.0 0.5238095238095255 0.0 9.285714285714285
952.2660098522167 0.0 0.6190476190476204 0.0 9.285714285714285
952.5123152709359 0.0 0.7619047619047628 0.0 9.428571428571427
952.7586206896551 0.0 0.8571428571428577 0.0 9.61904761904762
953.0049261083743 0.0 1.0476190476190474 0.0 9.904761904761905
953.2512315270936 0.0 1.6666666666666679 0.0 10.666666666666668
953.4975369458128 0.0 1.7619047619047628 0.0 10.857142857142858
953.743842364532 0.0 1.1904761904761898 0.0 10.38095238095238
953.9901477832512 0.0 0.6666666666666679 0.0 9.857142857142858
954.2364532019704 0.0 0.42857142857142705 0.0 9.571428571428573
954.4827586206897 0.0 0.571428571428573 0.0 9.61904761904762
954.7290640394089 0.0 1.1904761904761898 0.0 10.047619047619047
954.9753694581281 0.0 1.095238095238095 0.0 9.80952380952381
955.2216748768473 0.0 0.7142857142857153 0.0 9.238095238095237
955.4679802955665 0.0 0.0 0.0 8.238095238095237
955.7142857142858 0.0 0.0 0.0 6.61904761904762
955.960591133005 0.0 0.0 0.0 5.9523809523809526
956.2068965517242 0.0 0.0 0.0 5.904761904761905
956.4532019704434 0.0 0.0 0.0 6.095238095238095
956.6995073891626 0.0 0.0 0.0 6.0476190476190474
956.9458128078818 0.0 0.0 0.0 6.0476190476190474
957.192118226601 0.0 0.0 0.0 6.142857142857142
957.4384236453202 0.0 0.0 0.0 6.5238095238095255
957.6847290640394 0.0 0.0 0.0 7.095238095238095
957.9310344827586 0.0 0.0 0.0 7.285714285714285
958.1773399014778 0.0 0.0 0.0 6.61904761904762
958.423645320197 0.0 0.0 0.0 6.142857142857142
958.6699507389162 0.0 0.0 0.0 6.0476190476190474
958.9162561576354 0.0 0.0 0.0 5.19047619047619
959.1625615763546 0.0 0.0 0.0 4.095238095238095
959.4088669950739 0.0 0.0 0.0 3.3809523809523796
959.6551724137931 0.0 0.0 0.0 2.3809523809523796
959.9014778325123 0.0 0.0 0.0 1.5238095238095255
960.1477832512315 0.0 0.0 0.0 1.3809523809523796
960.3940886699507 0.0 0.0 0.0 1.9523809523809526
960.64039408867 0.0 0.0 0.0 2.5238095238095255
960.8866995073892 0.0 0.0 0.0 3.0476190476190474
961.1330049261084 0.0 0.0 0.0 3.19047619047619
961.3793103448276 0.0 0.0 0.0 2.9523809523809526
961.6256157635468 0.0 0.0 0.0 2.4761904761904745
961.8719211822661 0.0 0.0 0.0 1.8571428571428577
962.1182266009853 0.0 0.0 0.0 1.0476190476190474
962.3645320197045 0.0 0.0 0.0 0.0
962.6108374384237 0.0 0.0 0.0 0.0
962.8571428571429 0.0 0.0 0.0 0.0
963.1034482758621 0.0 0.0 0.0 0.0
963.3497536945813 0.0 0.0 0.0 0.0
963.5960591133005 0.0 0.0 0.0 0.0
963.8423645320197 0.0 0.0 0.0 0.0
964.0886699507389 0.0 0.0 0.0 0.0
964.3349753694581 0.0 0.0 0.0 0.0
964.5812807881773 0.0 0.0 0.0 0.0
964.8275862068965 0.0 0.0 0.0 0.0
965.0738916256157 0.0 0.0 0.0 0.0
965.3201970443349 0.0 0.0 0.0 0.0
965.5665024630541 0.0 0.0 0.0 0.0
965.8128078817734 0.0 0.0 0.0 0.0
966.0591133004926 0.0 0.0 0.0 0.0
966.3054187192118 0.0 0.0 0.0 0.0
966.551724137931 0.0 0.0 0.0 0.0
966.7980295566502 0.0 0.0 0.0 0.0
967.0443349753695 0.0 0.0 0.0 0.0
967.2906403940887 0.0 0.0 0.0 0.0
967.5369458128079 0.0 0.0 0.0 0.0
967.7832512315271 0.0 0.0 0.0 0.0
968.0295566502464 0.0 0.0 0.0 0.0
968.2758620689656 0.0 0.0 0.0 0.0
968.5221674876848 0.0 0.0 0.0 0.0
968.768472906404 0.0 0.23809523809523725 0.0 0.0
969.0147783251232 0.0 0.3809523809523796 0.0 0.0
969.2610837438424 0.0 0.1904761904761898 0.0 0.0
969.5073891625616 0.0 0.3809523809523796 0.0 0.33333333333333215
969.7536945812808 0.0 0.9523809523809526 0.0 1.1428571428571423
970.0 0.0 1.2857142857142847 0.0 1.7142857142857153
970.2463054187192 0.0 1.571428571428573 0.0 2.2380952380952372
970.4926108374384 0.0 2.6190476190476204 0.0 3.3809523809523796
970.7389162561576 0.0 3.095238095238095 0.0 3.7619047619047628
970.9852216748768 0.0 2.428571428571427 0.0 3.0
971.231527093596 0.0 1.3333333333333321 0.0 1.8095238095238102
971.4778325123152 0.0 0.571428571428573 0.0 0.9047619047619051
971.7241379310344 0.0 0.3809523809523796 0.0 0.3809523809523796
971.9704433497537 0.0 0.42857142857142705 0.0 0.0
972.2167487684729 0.0 0.7142857142857153 0.0 0.0
972.4630541871921 0.0 1.2380952380952372 0.0 0.2857142857142847
972.7093596059113 0.0 1.1428571428571423 0.0 0.0
972.9556650246305 0.0 0.5238095238095255 0.0 0.0
973.2019704433498 0.0 0.0 0.0 0.0
973.448275862069 0.0 0.0 0.0 0.0
973.6945812807882 0.0 0.0 0.0 0.0
973.9408866995074 0.0 0.0 0.0 0.0
974.1871921182266 0.0 0.0 0.0 0.0
974.4334975369459 0.0 0.0 0.0 0.0
974.6798029556651 0.0 0.04761904761904745 0.0 0.0
974.9261083743843 0.0 0.14285714285714235 0.0 0.0
975.1724137931035 0.0 0.0 0.0 0.0
975.4187192118227 0.0 0.0 0.0 0.0
975.6650246305419 0.0 0.0 0.0 0.0
975.9113300492611 0.0 0.0 0.0 0.0
976.1576354679803 0.0 0.14285714285714235 0.0 0.8095238095238102
976.4039408866995 0.0 0.9047619047619051 0.0 2.1428571428571423
976.6502463054187 0.0 0.5238095238095255 0.0 2.0476190476190474
976.8965517241379 0.0 1.0476190476190474 0.0 2.80952380952381
977.1428571428571 0.0 1.571428571428573 0.0 3.333333333333332
977.3891625615763 0.0 1.4761904761904745 0.0 3.2857142857142847
977.6354679802955 0.0 1.8571428571428577 0.0 3.7619047619047628
977.8817733990147 0.0 1.9523809523809526 0.0 4.142857142857142
978.128078817734 0.0 1.8571428571428577 0.0 4.38095238095238
978.3743842364532 0.0 2.0 0.0 5.0476190476190474
978.6206896551724 0.0 2.1428571428571423 0.0 5.714285714285715
978.8669950738916 0.0 2.5238095238095255 0.0 6.61904761904762
979.1133004926108 0.0 2.7142857142857153 0.0 7.238095238095237
979.35960591133 0.0 2.333333333333332 0.0 7.285714285714285
979.6059113300493 0.0 1.6666666666666679 0.0 7.0476190476190474
979.8522167487685 0.0 1.6190476190476204 0.0 7.333333333333332
980.0985221674877 0.0 1.7619047619047628 0.0 7.571428571428573
980.3448275862069 0.0 1.4761904761904745 0.0 7.0
980.5911330049262 0.0 1.5238095238095255 0.0 6.61904761904762
980.8374384236454 0.0 1.428571428571427 0.0 6.0
981.0837438423646 0.0 1.1428571428571423 0.0 5.19047619047619
981.3300492610838 0.0 0.571428571428573 0.0 4.142857142857142
981.576354679803 0.0 0.9047619047619051 0.0 4.0476190476190474
981.8226600985222 0.0 0.0952380952380949 0.0 2.8571428571428577
982.0689655172414 0.0 0.0 0.0 1.6190476190476204
982.3152709359606 0.0 0.0 0.0 0.6190476190476204
982.5615763546798 0.0 0.0 0.0 0.2857142857142847
982.807881773399 0.0 0.0 0.0 0.0
983.0541871921182 0.0 0.0 0.0 0.0
983.3004926108374 0.0 0.0 0.0 0.0
983.5467980295566 0.0 0.0 0.0 0.0
983.7931034482758 0.0 0.0 0.0 0.0
984.039408866995 0.0 0.0 0.0 0.0
984.2857142857142 0.0 0.0 0.0 0.0
984.5320197044335 0.0 0.0 0.0 0.0
984.7783251231527 0.0 0.0 0.0 0.0
985.0246305418719 0.0 0.0 0.0 0.0
985.2709359605911 0.0 0.0 0.0 0.0
985.5172413793103 0.0 0.0 0.0 0.0
985.7635467980296 0.0 0.0 0.0 0.0
986.0098522167488 0.0 0.0 0.0 0.0
986.256157635468 0.0 0.0 0.0 0.0
986.5024630541872 0.0 0.0 0.0 0.0
986.7487684729065 0.0 0.0 0.0 0.0
986.9950738916257 0.0 0.0 0.0 0.0
987.2413793103449 0.0 0.0 0.0 0.0
987.4876847290641 0.0 0.0 0.0 0.2857142857142847
987.7339901477833 0.0 0.0 0.0 1.3809523809523796
987.9802955665025 0.0 0.0 0.0 2.3809523809523796
988.2266009852217 0.0 0.0 0.0 2.9523809523809526
988.4729064039409 0.0 0.0 0.0 3.333333333333332
988.7192118226601 0.0 0.0 0.0 3.80952380952381
988.9655172413793 0.0 0.0 0.0 4.4761904761904745
989.2118226600985 0.0 0.0 0.0 5.571428571428573
989.4581280788177 0.0 0.0 0.0 6.0
989.7044334975369 0.0 0.33333333333333215 0.0 6.666666666666668
989.9507389162561 0.0 0.6190476190476204 0.0 6.9523809523809526
990.1970443349753 0.0 0.0952380952380949 0.0 6.428571428571427
990.4433497536945 0.0 0.0 0.0 6.238095238095237
990.6896551724138 0.0 0.3809523809523796 0.0 6.904761904761905
990.935960591133 0.0 1.1428571428571423 0.0 7.857142857142858
991.1822660098522 0.0 1.5238095238095255 0.0 8.333333333333332
991.4285714285714 0.0 0.9047619047619051 0.0 7.571428571428573
991.6748768472906 0.0 0.33333333333333215 0.0 6.666666666666668
991.9211822660099 0.0 0.0 0.0 5.38095238095238
992.167487684729 0.0 0.0 0.0 3.9523809523809526
992.4137931034483 0.0 0.0 0.0 2.2857142857142847
992.6600985221675 0.0 0.0 0.0 0.6190476190476204
992.9064039408867 0.0 0.0 0.0 0.0
993.152709359606 0.0 0.0 0.0 0.0
993.3990147783252 0.0 0.0 0.0 0.0
993.6453201970444 0.0 0.0 0.0 0.0
993.8916256157636 0.0 0.0 0.0 0.0
