697.0 0.0 21.0 0.0 27.0
697.3101604278074 0.0 0.0 0.0 0.0
697.620320855615 0.0 0.0 0.0 0.0
697.9304812834224 0.0 0.0 0.0 0.0
698.24064171123 0.0 0.0 0.0 0.0
698.5508021390374 0.0 0.0 0.0 0.0
698.8609625668449 0.0 0.0 0.0 0.0
699.1711229946524 0.0 0.0 0.0 0.0
699.4812834224599 0.0 0.0 0.0 0.0
699.7914438502673 0.0 0.0 0.0 0.0
700.1016042780749 0.037197435897435835 28.142857142857146 0.0 33.476190476190474
700.4117647058823 0.04120854700854695 29.04761904761905 0.0 34.285714285714285
700.7219251336899 0.0428692307692307 29.42857142857143 0.0 34.57142857142857
701.0320855614973 0.039401709401709374 28.666666666666664 0.0 33.714285714285715
701.3422459893048 0.037165170940170904 28.095238095238095 0.0 33.04761904761905
701.6524064171123 0.034552350427350415 27.523809523809526 0.0 32.38095238095238
701.9625668449198 0.029375427350427346 26.38095238095238 0.0 31.142857142857146
702.2727272727273 0.03124978632478632 26.80952380952381 0.0 31.476190476190474
702.5828877005348 0.036505769230769244 28.04761904761905 0.0 32.61904761904762
702.8930481283422 0.03709807692307693 28.19047619047619 0.0 32.666666666666664
703.2032085561498 0.037263034188034186 28.23809523809524 0.0 32.61904761904762
703.5133689839572 0.038069017094017076 28.42857142857143 0.0 32.714285714285715
703.8235294117646 0.04122542735042736 29.142857142857146 0.0 33.333333333333336
704.1336898395722 0.047373290598290596 30.523809523809526 0.0 34.61904761904762
704.4438502673797 0.05084551282051281 31.476190476190474 0.0 35.476190476190474
704.7540106951872 0.05031837606837607 31.285714285714285 0.0 35.19047619047619
705.0641711229946 0.05176538461538463 31.61904761904762 0.0 35.42857142857143
705.3743315508021 0.05432948717948716 32.19047619047619 0.0 36.0
705.6844919786096 0.05368846153846153 32.04761904761905 0.0 35.857142857142854
705.9946524064171 0.05219273504273503 31.714285714285715 0.0 35.523809523809526
706.3048128342245 0.05262008547008543 31.80952380952381 0.0 35.61904761904762
706.6149732620321 0.05347478632478632 32.0 0.0 35.80952380952381
706.9251336898395 0.05667991452991448 32.714285714285715 0.0 36.523809523809526
707.2352941176471 0.061594444444444396 33.80952380952381 0.0 37.61904761904762
707.5454545454545 0.0699788461538461 35.76190476190476 0.6666666666666679 39.57142857142857
707.855614973262 0.06848311965811962 35.42857142857143 0.33333333333333215 39.23809523809524
708.1657754010695 0.0710472222222222 36.0 0.9047619047619051 39.80952380952381
708.475935828877 0.07489337606837604 36.857142857142854 1.7619047619047628 40.666666666666664
708.7860962566845 0.07532072649572646 36.95238095238095 1.8571428571428577 40.76190476190476
709.096256684492 0.0791668803418803 37.80952380952381 2.7142857142857153 41.61904761904762
709.4064171122994 0.0791668803418803 37.80952380952381 2.7142857142857153 41.61904761904762
709.716577540107 0.08087628205128203 38.19047619047619 3.095238095238095 42.0
710.0267379679144 0.07574807692307686 37.04761904761905 1.9523809523809526 40.857142857142854
710.336898395722 0.07361132478632473 36.57142857142857 1.4761904761904745 40.38095238095238
710.6470588235294 0.0821583333333333 38.476190476190474 3.3809523809523796 42.285714285714285
710.9572192513369 0.0873376068376068 39.714285714285715 4.4761904761904745 43.523809523809526
711.2673796791444 0.09097008547008543 40.523809523809526 5.285714285714285 44.33333333333333
711.5775401069519 0.08883333333333328 40.04761904761905 4.80952380952381 43.857142857142854
711.8877005347593 0.08648290598290592 39.523809523809526 4.285714285714285 43.333333333333336
712.1978609625669 0.09139743589743583 40.61904761904762 5.38095238095238 44.42857142857143
712.5080213903743 0.09631196581196574 41.714285714285715 6.4761904761904745 45.52380952380952
712.8181818181818 0.0900132478632478 40.142857142857146 5.19047619047619 43.95238095238095
713.1283422459893 0.08403034188034184 38.80952380952381 3.8571428571428577 42.61904761904762
713.4385026737968 0.0897995726495726 40.095238095238095 5.142857142857142 43.904761904761905
713.7486631016043 0.08922243589743585 40.0 5.0 43.76190476190476
714.0588235294117 0.09019209401709398 40.333333333333336 5.142857142857142 44.04761904761905
714.3689839572193 0.0903070512820512 40.476190476190474 5.095238095238095 44.14285714285714
714.6791443850267 0.08572115384615381 39.57142857142857 4.0 43.19047619047619
714.9893048128342 0.0841267094017094 39.333333333333336 3.571428571428573 42.904761904761905
715.2994652406417 0.08060918803418801 38.666666666666664 2.7142857142857153 42.19047619047619
715.6096256684492 0.08051047008547008 38.76190476190476 2.6190476190476204 42.23809523809524
715.9197860962566 0.07955705128205125 38.666666666666664 2.333333333333332 42.095238095238095
716.2299465240642 0.0839455128205128 39.76190476190476 3.2380952380952372 43.142857142857146
716.5401069518716 0.08256474358974357 39.57142857142857 2.8571428571428577 42.904761904761905
716.8502673796792 0.07584209401709398 38.19047619047619 1.2857142857142847 41.476190476190474
717.1604278074866 0.07745277777777772 38.666666666666664 1.571428571428573 41.904761904761905
717.4705882352941 0.07906346153846147 39.142857142857146 1.8571428571428577 42.333333333333336
717.7807486631016 0.07704166666666659 38.80952380952381 1.3333333333333321 41.95238095238095
718.0909090909091 0.07523354700854695 38.523809523809526 0.8571428571428577 41.61904761904762
718.4010695187166 0.07428012820512817 38.42857142857143 0.571428571428573 41.476190476190474
718.7112299465241 0.07237094017094013 38.142857142857146 0.04761904761904745 41.19047619047619
719.0213903743315 0.07659551282051277 39.38095238095238 0.7619047619047628 42.523809523809526
719.3315508021391 0.07969829059829056 40.19047619047619 1.3333333333333321 43.523809523809526
719.6417112299465 0.07361303418803415 38.95238095238095 0.0 42.476190476190474
719.951871657754 0.06960064102564104 38.142857142857146 0.0 41.904761904761905
720.2620320855615 0.07002435897435899 38.23809523809524 0.0 42.23809523809524
720.5721925133689 0.06809764957264959 37.80952380952381 0.0 42.04761904761905
720.8823529411765 0.06817991452991454 37.76190476190476 0.0 42.333333333333336
721.192513368984 0.06804850427350428 37.666666666666664 0.0 42.57142857142857
721.5026737967914 0.06840598290598289 37.61904761904762 0.0 42.904761904761905
721.8128342245989 0.06748141025641022 37.285714285714285 0.0 42.95238095238095
722.1229946524064 0.06420641025641022 36.42857142857143 0.0 42.476190476190474
722.4331550802139 0.061786111111111076 35.76190476190476 0.0 42.19047619047619
722.7433155080214 0.06022051282051279 35.285714285714285 0.0 42.095238095238095
723.0534759358288 0.05557521367521362 34.095238095238095 0.0 41.285714285714285
723.3636363636364 0.05107970085470081 32.904761904761905 0.0 40.523809523809526
723.6737967914438 0.04701153846153841 31.80952380952381 0.0 39.857142857142854
723.9839572192514 0.04565961538461535 31.38095238095238 0.0 39.80952380952381
724.2941176470588 0.04408012820512816 30.76190476190476 0.0 39.57142857142857
724.6042780748663 0.044437606837606836 30.714285714285715 0.0 39.904761904761905
724.9144385026738 0.04788760683760682 31.333333333333336 0.0 40.857142857142854
725.2245989304813 0.0459470085470085 30.76190476190476 0.0 40.523809523809526
725.5347593582887 0.045667094017093984 30.57142857142857 0.0 40.476190476190474
725.8449197860963 0.05030170940170935 31.476190476190474 0.0 41.523809523809526
726.1550802139037 0.05109017094017091 31.523809523809526 0.0 41.714285714285715
726.4652406417113 0.05123760683760682 31.42857142857143 0.0 41.76190476190476
726.7754010695187 0.050530341880341854 31.142857142857146 0.0 41.61904761904762
727.0855614973262 0.05080555555555553 31.142857142857146 0.0 41.666666666666664
727.3957219251337 0.052362820512820464 31.42857142857143 0.0 42.0
727.7058823529412 0.05279017094017089 31.523809523809526 0.0 42.095238095238095
728.0160427807486 0.053217521367521316 31.61904761904762 0.0 42.19047619047619
728.3262032085562 0.053858547008546975 31.76190476190476 0.0 42.333333333333336
728.6363636363636 0.05727735042735041 32.523809523809526 0.0 43.095238095238095
728.9465240641712 0.06282008547008543 33.80952380952381 0.0 44.42857142857143
729.2566844919786 0.06759636752136751 34.95238095238095 0.0 45.61904761904762
729.566844919786 0.06987243589743587 35.57142857142857 0.0 46.23809523809524
729.8770053475936 0.07578098290598291 37.0 0.6666666666666679 47.66666666666667
730.1871657754011 0.07811858974358975 37.57142857142857 1.1428571428571423 48.28571428571429
730.4973262032086 0.07858418803418803 37.80952380952381 1.1428571428571423 48.57142857142857
730.807486631016 0.07985341880341881 38.142857142857146 1.3809523809523796 48.95238095238095
731.1176470588235 0.07770384615384617 37.714285714285715 0.8571428571428577 48.57142857142857
731.427807486631 0.08196452991452996 38.714285714285715 1.7619047619047628 49.61904761904762
731.7379679144385 0.08323376068376072 39.04761904761905 2.0 50.0
732.048128342246 0.07595598290598295 37.476190476190474 0.33333333333333215 48.47619047619048
732.3582887700535 0.07658418803418808 37.666666666666664 0.42857142857142705 48.71428571428571
732.6684491978609 0.07593034188034191 37.57142857142857 0.23809523809523725 48.66666666666667
732.9786096256685 0.07549017094017099 37.523809523809526 0.0952380952380949 48.66666666666667
733.2887700534759 0.08274230769230774 39.19047619047619 1.6666666666666679 50.38095238095238
733.5989304812834 0.08465256410256414 39.666666666666664 2.0476190476190474 50.9047619047619
733.9090909090909 0.08506709401709404 39.80952380952381 2.095238095238095 51.0952380952381
734.2192513368984 0.0861226495726496 40.095238095238095 2.2857142857142847 51.42857142857143
734.5294117647059 0.08760555555555559 40.476190476190474 2.571428571428573 51.85714285714286
734.8395721925134 0.08203717948717949 39.285714285714285 1.2857142857142847 50.71428571428571
735.1497326203208 0.07925940170940174 38.666666666666664 0.6666666666666679 50.0952380952381
735.4598930481284 0.0816098290598291 39.19047619047619 1.1904761904761898 50.61904761904762
735.7700534759358 0.07904572649572654 38.61904761904762 0.6190476190476204 50.04761904761905
736.0802139037434 0.07113974358974362 36.857142857142854 0.0 48.28571428571429
736.3903743315508 0.06750726495726501 36.04761904761905 0.0 47.47619047619048
736.7005347593583 0.06896581196581197 36.42857142857143 0.0 47.85714285714286
737.0106951871658 0.06789743589743592 36.19047619047619 0.0 47.61904761904762
737.3208556149732 0.0691794871794872 36.476190476190474 0.0 47.9047619047619
737.6310160427807 0.06682905982905989 35.95238095238095 0.0 47.38095238095238
737.9411764705883 0.06276923076923079 35.04761904761905 0.0 46.47619047619048
738.2513368983957 0.06276923076923079 35.04761904761905 0.0 46.47619047619048
738.5614973262032 0.058923076923076925 34.19047619047619 0.0 45.61904761904762
738.8716577540107 0.060806623931623935 34.57142857142857 0.0 46.0952380952381
739.1818181818181 0.062262820512820526 34.857142857142854 0.0 46.47619047619048
739.4919786096257 0.05538568376068373 33.285714285714285 0.0 45.0
739.8021390374331 0.05278205128205123 32.666666666666664 0.0 44.47619047619048
740.1122994652407 0.05241623931623929 32.523809523809526 0.0 44.38095238095238
740.4224598930481 0.05375982905982903 32.76190476190476 0.0 44.66666666666667
740.7326203208556 0.05247777777777778 32.476190476190474 0.0 44.38095238095238
741.0427807486631 0.05162307692307692 32.285714285714285 0.0 44.19047619047619
741.3529411764706 0.05098205128205128 32.142857142857146 0.0 44.04761904761905
741.663101604278 0.045853846153846155 31.0 0.0 42.904761904761905
741.9732620320856 0.04806965811965814 31.57142857142857 0.0 43.285714285714285
742.283422459893 0.053063247863247856 32.76190476190476 0.0 44.28571428571429
742.5935828877006 0.05933888888888892 34.23809523809524 0.0 45.57142857142857
742.903743315508 0.06604188034188037 35.80952380952381 0.0 46.95238095238095
743.2139037433155 0.07082179487179487 36.95238095238095 0.0 47.9047619047619
743.524064171123 0.07367863247863249 37.666666666666664 0.0 48.42857142857143
743.8342245989305 0.07289017094017092 37.61904761904762 0.0 48.23809523809524
744.144385026738 0.07231773504273502 37.714285714285715 0.0 48.0952380952381
744.4545454545455 0.07559145299145295 38.666666666666664 0.0 48.80952380952381
744.7647058823529 0.08420705128205123 40.80952380952381 1.3333333333333321 50.71428571428571
745.0748663101605 0.08559722222222219 41.38095238095238 1.5238095238095255 50.95238095238095
745.3850267379679 0.08138076923076919 40.61904761904762 0.5238095238095255 49.85714285714286
745.6951871657755 0.07647222222222219 39.61904761904762 0.0 48.52380952380952
746.0053475935829 0.07316153846153843 39.142857142857146 0.0 47.71428571428571
746.3155080213903 0.06996346153846145 38.714285714285715 0.0 47.0
746.6256684491979 0.06954316239316234 38.904761904761905 0.0 46.9047619047619
746.9358288770054 0.07217585470085469 39.714285714285715 0.0 47.47619047619048
747.2459893048128 0.07566324786324785 40.714285714285715 0.0 48.23809523809524
747.5561497326203 0.07701388888888888 41.23809523809524 0.0 48.52380952380952
747.8663101604278 0.07943290598290594 42.0 0.0 49.04761904761905
748.1764705882352 0.07749935897435889 41.714285714285715 0.0 48.71428571428571
748.4866310160428 0.07556581196581194 41.42857142857143 0.0 48.38095238095238
748.7967914438502 0.07551816239316235 41.61904761904762 0.0 48.52380952380952
749.1069518716578 0.07220384615384612 41.142857142857146 0.0 47.95238095238095
749.4171122994652 0.06660064102564102 40.095238095238095 0.0 46.85714285714286
749.7272727272727 0.06057008547008543 38.95238095238095 0.0 45.66666666666667
750.0374331550802 0.06267200854700852 39.57142857142857 0.0 46.19047619047619
750.3475935828877 0.06669465811965808 40.523809523809526 0.0 47.14285714285714
750.6577540106952 0.06458226495726493 40.04761904761905 0.0 46.71428571428571
750.9679144385027 0.06076047008547006 39.19047619047619 0.0 45.9047619047619
751.2780748663101 0.05886175213675211 38.76190476190476 0.0 45.52380952380952
751.5882352941177 0.06192863247863246 39.523809523809526 0.0 46.33333333333333
751.8983957219251 0.06583974358974358 40.61904761904762 0.0 47.42857142857143
752.2085561497327 0.06858034188034184 41.285714285714285 0.0 48.0952380952381
752.5187165775401 0.07110726495726492 41.904761904761905 0.0 48.71428571428571
752.8288770053476 0.0708564102564102 41.904761904761905 0.0 48.71428571428571
753.1390374331551 0.06819358974358966 41.42857142857143 0.0 48.19047619047619
753.4491978609626 0.06595811965811958 41.04761904761905 0.0 47.76190476190476
753.75935828877 0.06241388888888881 40.285714285714285 0.0 47.0
754.0695187165775 0.06280405982905973 40.42857142857143 0.0 47.14285714285714
754.379679144385 0.06404893162393152 40.76190476190476 0.0 47.47619047619048
754.6898395721926 0.0614476495726495 40.23809523809524 0.0 46.95238095238095
755.0 0.059738247863247794 39.857142857142854 0.0 46.57142857142857
755.3101604278074 0.05979978632478629 39.80952380952381 0.0 46.57142857142857
755.620320855615 0.057815170940170926 39.42857142857143 0.0 46.14285714285714
755.9304812834224 0.058180982905982885 39.57142857142857 0.0 46.23809523809524
756.24064171123 0.05811944444444439 39.61904761904762 0.0 46.23809523809524
756.5508021390374 0.0557074786324786 39.142857142857146 0.0 45.71428571428571
756.8609625668449 0.05409102564102561 39.0 0.0 45.38095238095238
757.1711229946524 0.05375662393162394 39.142857142857146 0.0 45.33333333333333
757.4812834224599 0.05555897435897437 39.76190476190476 0.0 45.76190476190476
757.7914438502673 0.05479722222222226 39.80952380952381 0.0 45.61904761904762
758.1016042780749 0.055165384615384665 40.04761904761905 0.0 45.71428571428571
758.4117647058823 0.05745662393162397 40.714285714285715 0.0 46.23809523809524
758.7219251336899 0.056957264957265 40.80952380952381 0.0 46.23809523809524
759.0320855614973 0.05517585470085468 40.61904761904762 0.0 45.95238095238095
759.3422459893048 0.05431068376068375 40.57142857142857 0.0 45.85714285714286
759.6524064171123 0.05579594017094014 41.04761904761905 0.0 46.28571428571429
759.9625668449198 0.05816260683760678 41.80952380952381 0.0 46.95238095238095
760.2727272727273 0.05744957264957261 41.857142857142854 0.0 46.9047619047619
760.5828877005348 0.05908696581196577 42.42857142857143 0.0 47.38095238095238
760.8930481283422 0.0622200854700854 43.333333333333336 0.0 48.19047619047619
761.2032085561498 0.061079700854700804 43.285714285714285 0.0 48.04761904761905
761.5133689839572 0.06186239316239314 43.666666666666664 0.0 48.33333333333333
761.8235294117648 0.06249294871794865 43.95238095238095 0.0 48.57142857142857
762.1336898395722 0.06333717948717946 44.28571428571429 0.0 48.85714285714286
762.4438502673797 0.061830982905982865 44.0952380952381 0.0 48.61904761904762
762.7540106951872 0.062461538461538436 44.38095238095238 0.0 48.85714285714286
763.0641711229946 0.0703547008547008 46.19047619047619 0.0 50.71428571428571
763.3743315508021 0.07098290598290591 46.38095238095238 0.0 50.95238095238095
763.6844919786096 0.07101880341880339 46.42857142857143 0.0 51.14285714285714
763.9946524064171 0.07388119658119656 47.0952380952381 0.0 52.04761904761905
764.3048128342245 0.07289743589743586 46.9047619047619 0.0 52.0952380952381
764.6149732620321 0.07148632478632477 46.61904761904762 0.0 52.04761904761905
764.9251336898395 0.07649829059829057 47.71428571428571 0.0 53.33333333333333
765.2352941176471 0.07937350427350426 48.33333333333333 0.0 54.14285714285714
765.5454545454545 0.07882991452991449 48.19047619047619 0.0 54.19047619047619
765.855614973262 0.08020940170940168 48.47619047619048 0.0 54.66666666666667
766.1657754010695 0.08158888888888886 48.76190476190476 0.0 55.14285714285714
766.475935828877 0.0808316239316239 48.57142857142857 0.0 55.14285714285714
766.7860962566845 0.08199743589743588 48.80952380952381 0.0 55.57142857142857
767.096256684492 0.08380427350427351 49.19047619047619 0.0 56.14285714285714
767.4064171122994 0.084542735042735 49.33333333333333 0.0 56.47619047619048
767.716577540107 0.08378547008547006 49.14285714285714 0.0 56.47619047619048
768.0267379679144 0.08516495726495722 49.42857142857143 0.0 56.95238095238095
768.336898395722 0.08221987179487178 48.66666666666667 0.0 56.38095238095238
768.6470588235294 0.08509743589743587 49.38095238095238 0.0 57.19047619047619
768.9572192513369 0.08626559829059825 49.71428571428571 0.0 57.61904761904762
769.2673796791444 0.08294658119658116 49.04761904761905 0.0 57.04761904761905
769.5775401069519 0.08582414529914527 49.76190476190476 0.0 57.85714285714286
769.8877005347593 0.08801196581196574 50.33333333333333 0.0 58.42857142857143
770.1978609625669 0.08801431623931616 50.42857142857143 0.0 58.42857142857143
770.5080213903743 0.09122179487179481 51.23809523809524 0.0 59.14285714285714
770.8181818181818 0.09613867521367517 52.42857142857143 0.0 60.23809523809524
771.1283422459893 0.09699572649572645 52.71428571428571 0.0 60.42857142857143
771.4385026737968 0.0972117521367521 52.85714285714286 0.0 60.47619047619048
771.7486631016043 0.09742777777777774 53.0 0.0 60.52380952380952
772.0588235294117 0.09529337606837604 52.61904761904762 0.0 60.04761904761905
772.3689839572193 0.09550940170940166 52.76190476190476 0.0 60.0952380952381
772.6791443850267 0.09850320512820504 53.52380952380952 0.0 60.76190476190476
772.9893048128342 0.09700982905982901 53.28571428571429 0.0 60.42857142857143
773.2994652406417 0.09204658119658116 52.19047619047619 0.0 59.23809523809524
773.6096256684492 0.09160876068376068 52.23809523809524 0.0 59.23809523809524
773.9197860962566 0.08946153846153844 51.9047619047619 0.0 58.85714285714286
774.2299465240642 0.09244252136752137 52.71428571428571 0.0 59.61904761904762
774.5401069518716 0.10060277777777779 54.76190476190476 0.0 61.61904761904762
774.8502673796792 0.10144465811965815 55.0 0.0 61.9047619047619
775.1604278074866 0.10613269230769234 56.0952380952381 0.0 63.04761904761905
775.4705882352941 0.11231645299145304 57.52380952380952 0.8095238095238102 64.52380952380952
775.7807486631016 0.11251730769230775 57.61904761904762 0.8095238095238102 64.66666666666667
776.0909090909091 0.1154959401709402 58.33333333333333 1.428571428571427 65.42857142857143
776.4010695187166 0.11185064102564107 57.57142857142857 0.571428571428573 64.71428571428571
776.7112299465241 0.11034209401709405 57.28571428571429 0.1904761904761898 64.47619047619048
777.0213903743315 0.10990192307692313 57.23809523809524 0.04761904761904745 64.47619047619048
777.3315508021391 0.1083933760683761 56.95238095238095 0.0 64.23809523809524
777.6417112299465 0.11158568376068381 57.71428571428571 0.33333333333333215 65.04761904761905
777.951871657754 0.11606004273504278 58.76190476190476 1.2857142857142847 66.14285714285714
778.2620320855615 0.11451324786324792 58.33333333333333 1.0 65.71428571428571
778.572192513369 0.11296987179487182 58.19047619047619 0.5238095238095255 65.52380952380952
778.8823529411765 0.1128606837606838 58.42857142857143 0.33333333333333215 65.66666666666667
779.192513368984 0.11552927350427353 59.28571428571429 0.7619047619047628 66.42857142857143
779.5026737967914 0.11846260683760687 60.28571428571429 1.1904761904761898 67.33333333333333
779.8128342245989 0.12242606837606843 61.38095238095238 1.9523809523809526 68.28571428571429
780.1229946524064 0.12938098290598293 63.14285714285714 3.3809523809523796 69.9047619047619
780.4331550802139 0.12778888888888892 63.0 2.904761904761905 69.61904761904762
780.7433155080214 0.12747884615384616 63.14285714285714 2.7142857142857153 69.61904761904762
781.0534759358288 0.12375000000000003 62.52380952380952 1.7619047619047628 68.85714285714286
781.3636363636364 0.12450833333333335 62.9047619047619 1.8095238095238102 69.0952380952381
781.6737967914438 0.12248888888888888 62.66666666666667 1.2380952380952372 68.71428571428571
781.9839572192514 0.1196147435897436 62.23809523809524 0.4761904761904745 68.14285714285714
782.2941176470588 0.11524487179487178 61.47619047619048 0.0 67.23809523809524
782.6042780748663 0.11963568376068377 62.66666666666667 0.23809523809523725 68.28571428571429
782.9144385026738 0.11804358974358974 62.52380952380952 0.0 68.0
783.2245989304813 0.11153696581196582 61.28571428571429 0.0 66.61904761904762
783.5347593582887 0.11239871794871796 61.76190476190476 0.0 66.80952380952381
783.8449197860963 0.1097801282051282 61.52380952380952 0.0 66.23809523809524
784.1550802139037 0.11250341880341878 62.47619047619048 0.0 66.85714285714286
784.4652406417113 0.11932478632478634 64.47619047619048 0.0 68.57142857142857
784.7754010695187 0.12043739316239316 64.95238095238095 0.0 68.76190476190476
785.0855614973262 0.12011581196581197 65.04761904761905 0.0 68.61904761904762
785.3957219251337 0.12236068376068378 65.80952380952381 0.0 69.04761904761905
785.7058823529412 0.13379358974358976 68.61904761904762 1.9523809523809526 71.52380952380952
786.0160427807486 0.13490854700854701 69.19047619047619 2.0476190476190474 71.71428571428571
786.3262032085562 0.1338867521367521 69.28571428571429 1.6666666666666679 71.42857142857143
786.6363636363636 0.13585876068376063 70.14285714285714 1.904761904761905 71.80952380952381
786.9465240641712 0.13270256410256404 69.85714285714286 1.0 71.04761904761905
787.2566844919786 0.13666153846153842 71.19047619047619 1.6666666666666679 71.85714285714286
787.5668449197861 0.13784273504273498 71.9047619047619 1.7142857142857153 72.04761904761905
787.8770053475936 0.13881025641025638 72.57142857142857 1.7142857142857153 72.19047619047619
788.1871657754011 0.1391542735042735 73.23809523809524 1.5238095238095255 72.0952380952381
788.4973262032086 0.1381722222222222 73.80952380952381 0.9523809523809526 71.61904761904762
788.807486631016 0.14290021367521363 75.80952380952381 1.571428571428573 72.42857142857143
789.1176470588235 0.15255790598290597 78.95238095238095 3.2857142857142847 74.23809523809524
789.427807486631 0.16093589743589745 81.9047619047619 4.666666666666668 75.76190476190476
789.7379679144385 0.1638837606837607 83.61904761904762 4.857142857142858 76.04761904761905
790.048128342246 0.17056752136752132 86.23809523809524 5.857142857142858 77.0952380952381
790.3582887700535 0.1710698717948718 87.52380952380952 5.4761904761904745 76.66666666666667
790.6684491978609 0.16804551282051283 88.19047619047619 4.238095238095237 75.38095238095238
790.9786096256685 0.16916004273504265 89.85714285714286 3.904761904761905 74.9047619047619
791.2887700534759 0.16885790598290593 91.28571428571429 3.2380952380952372 74.0
791.5989304812834 0.16545405982905978 92.0952380952381 1.8571428571428577 72.33333333333333
791.9090909090909 0.16288290598290597 93.19047619047619 0.6190476190476204 70.80952380952381
792.2192513368984 0.17128824786324784 96.80952380952381 1.8095238095238102 71.61904761904762
792.5294117647059 0.1764269230769231 99.76190476190476 2.2380952380952372 71.71428571428571
792.8395721925134 0.18327264957264958 103.0 3.095238095238095 72.19047619047619
793.1497326203208 0.19526410256410257 107.52380952380952 5.0476190476190474 73.71428571428571
793.4598930481284 0.2073880341880342 112.33333333333334 6.904761904761905 75.23809523809524
793.7700534759358 0.2164741452991453 116.57142857142858 8.047619047619047 76.0
794.0802139037434 0.22670534188034183 121.04761904761904 9.476190476190474 76.9047619047619
794.3903743315508 0.2412100427350427 126.47619047619048 11.857142857142858 78.76190476190476
794.7005347593583 0.2560143162393162 131.9047619047619 14.333333333333336 80.71428571428571
795.0106951871658 0.2647846153846154 135.9047619047619 15.523809523809526 81.23809523809524
795.3208556149733 0.2707307692307692 139.38095238095238 16.04761904761905 81.04761904761905
795.6310160427807 0.27778482905982904 143.14285714285714 16.80952380952381 81.04761904761905
795.9411764705883 0.2862 147.28571428571428 17.857142857142854 81.23809523809524
796.2513368983957 0.29197799145299147 150.85714285714286 18.333333333333336 80.71428571428571
796.5614973262032 0.300282905982906 155.04761904761904 19.333333333333336 80.80952380952381
796.8716577540107 0.31806623931623934 161.33333333333334 22.476190476190474 82.9047619047619
797.1818181818181 0.33578568376068374 167.57142857142858 25.61904761904762 85.0
797.4919786096257 0.3498841880341881 173.04761904761904 27.904761904761905 86.42857142857143
797.8021390374331 0.36483504273504275 178.61904761904762 30.42857142857143 88.04761904761905
798.1122994652407 0.3737762820512821 182.76190476190476 31.666666666666664 88.28571428571429
798.4224598930481 0.37689722222222216 185.52380952380952 31.666666666666664 87.14285714285714
798.7326203208556 0.3829585470085469 188.85714285714286 32.38095238095238 86.57142857142857
799.0427807486631 0.3890222222222222 192.28571428571428 33.04761904761905 86.0
799.3529411764706 0.3929316239316239 195.0952380952381 33.285714285714285 85.04761904761905
799.663101604278 0.39567970085470083 197.42857142857142 33.38095238095238 83.80952380952381
799.9732620320856 0.3965662393162392 199.28571428571428 33.095238095238095 82.14285714285714
800.283422459893 0.3966004273504273 201.04761904761904 32.57142857142857 80.28571428571429
800.5935828877006 0.39847628205128205 203.04761904761904 32.523809523809526 78.95238095238095
800.903743315508 0.4000502136752137 204.95238095238096 32.42857142857143 77.52380952380952
801.2139037433155 0.40283995726495725 207.0 32.666666666666664 76.38095238095238
801.524064171123 0.4061649572649572 209.0 33.095238095238095 75.42857142857143
801.8342245989305 0.40966175213675204 210.9047619047619 33.61904761904762 74.57142857142857
802.144385026738 0.41194487179487166 212.33333333333334 33.95238095238095 73.57142857142857
802.4545454545455 0.4156910256410256 213.9047619047619 34.666666666666664 73.0952380952381
802.7647058823529 0.41919679487179484 215.33333333333334 35.38095238095238 72.52380952380952
803.0748663101605 0.41831047008547 215.66666666666666 35.142857142857146 71.14285714285714
803.3850267379679 0.41710705128205117 215.85714285714286 34.857142857142854 69.76190476190476
803.6951871657755 0.41944551282051273 216.71428571428572 35.42857142857143 69.14285714285714
804.0053475935829 0.42046004273504267 217.14285714285714 35.76190476190476 68.28571428571429
804.3155080213904 0.42002756410256403 217.23809523809524 35.76190476190476 67.19047619047619
804.6256684491979 0.4211243589743589 217.61904761904762 36.095238095238095 66.61904761904762
804.9358288770053 0.42361581196581183 218.33333333333334 36.714285714285715 66.42857142857143
805.2459893048128 0.42638012820512816 218.95238095238096 37.476190476190474 66.28571428571429
805.5561497326203 0.4278600427350427 219.1904761904762 38.0 65.85714285714286
805.8663101604278 0.4300273504273503 219.47619047619048 38.714285714285715 65.66666666666667
806.1764705882352 0.43303418803418803 219.9047619047619 39.61904761904762 65.76190476190476
806.4866310160428 0.4357459401709402 220.0952380952381 40.523809523809526 65.9047619047619
806.7967914438502 0.43723952991452986 220.04761904761904 41.142857142857146 65.76190476190476
807.1069518716578 0.43963418803418797 220.0952380952381 42.0 65.9047619047619
807.4171122994652 0.44156431623931613 220.0952380952381 42.714285714285715 66.0
807.7272727272727 0.4436929487179486 220.0952380952381 43.476190476190474 66.23809523809524
808.0374331550802 0.4466123931623931 220.23809523809524 44.42857142857143 66.66666666666667
808.3475935828877 0.4498185897435897 220.42857142857142 45.42857142857143 67.28571428571429
808.6577540106952 0.4518066239316239 220.38095238095238 46.14285714285714 67.61904761904762
808.9679144385027 0.45411858974358965 220.33333333333334 46.95238095238095 68.0952380952381
809.2780748663101 0.4576487179487179 220.52380952380952 48.04761904761905 68.85714285714286
809.5882352941177 0.4615027777777778 220.71428571428572 49.23809523809524 69.76190476190476
809.8983957219251 0.46535683760683766 220.9047619047619 50.42857142857143 70.66666666666667
810.2085561497327 0.4696382478632479 221.1904761904762 51.71428571428571 71.66666666666667
810.5187165775401 0.47391965811965825 221.47619047619048 53.0 72.66666666666667
810.8288770053476 0.47804893162393175 221.66666666666666 54.28571428571429 73.61904761904762
811.1390374331551 0.4819645299145301 221.8095238095238 55.52380952380952 74.52380952380952
811.4491978609626 0.4852634615384617 221.8095238095238 56.61904761904762 75.33333333333333
811.75935828877 0.4885647435897437 221.9047619047619 57.66666666666667 76.14285714285714
812.0695187165776 0.4913504273504275 221.85714285714286 58.61904761904762 76.80952380952381
812.379679144385 0.49434978632478643 221.85714285714286 59.61904761904762 77.52380952380952
812.6898395721926 0.4975012820512822 221.95238095238096 60.61904761904762 78.28571428571429
813.0 0.5004239316239317 221.95238095238096 61.57142857142857 79.0952380952381
813.3101604278074 0.5036705128205127 221.95238095238096 62.61904761904762 80.04761904761905
813.620320855615 0.5069786324786324 221.9047619047619 63.71428571428571 81.0
813.9304812834224 0.5103621794871792 221.95238095238096 64.76190476190476 82.0952380952381
814.24064171123 0.5140452991452991 222.0 65.9047619047619 83.28571428571429
814.5508021390374 0.517477564102564 222.04761904761904 66.95238095238095 84.47619047619048
814.8609625668449 0.5212581196581196 222.0952380952381 68.0952380952381 85.85714285714286
815.1711229946524 0.5250873931623932 222.14285714285714 69.23809523809524 87.33333333333333
815.4812834224599 0.5287121794871795 222.0952380952381 70.33333333333333 88.9047619047619
815.7914438502673 0.5321720085470085 222.0 71.38095238095238 90.52380952380952
816.1016042780749 0.5358303418803418 221.9047619047619 72.47619047619048 92.28571428571429
816.4117647058823 0.5394978632478632 221.76190476190476 73.57142857142857 94.19047619047619
816.7219251336899 0.5433638888888889 221.61904761904762 74.71428571428571 96.23809523809524
817.0320855614973 0.5475805555555556 221.57142857142858 75.9047619047619 98.47619047619048
817.3422459893048 0.5520108974358974 221.57142857142858 77.14285714285714 100.76190476190476
817.6524064171123 0.5566153846153846 221.57142857142858 78.42857142857143 103.14285714285714
817.9625668449198 0.5609538461538461 221.52380952380952 79.61904761904762 105.61904761904762
818.2727272727273 0.5652027777777777 221.52380952380952 80.71428571428571 108.28571428571428
818.5828877005348 0.5693111111111111 221.47619047619048 81.76190476190476 111.04761904761904
818.8930481283422 0.5731929487179487 221.42857142857142 82.71428571428571 113.85714285714286
819.2032085561498 0.5774138888888889 221.42857142857142 83.76190476190476 116.71428571428572
819.5133689839572 0.5818972222222223 221.47619047619048 84.85714285714286 119.71428571428572
819.8235294117648 0.5866521367521367 221.52380952380952 86.0 123.0
820.1336898395722 0.5917925213675215 221.52380952380952 87.28571428571429 126.42857142857142
820.4438502673797 0.5971429487179487 221.57142857142858 88.57142857142857 130.14285714285714
820.7540106951872 0.6023412393162394 221.52380952380952 89.85714285714286 133.8095238095238
821.0641711229947 0.6077867521367522 221.47619047619048 91.19047619047619 137.71428571428572
821.3743315508021 0.6139196581196582 221.47619047619048 92.71428571428571 141.85714285714286
821.6844919786096 0.6205019230769231 221.47619047619048 94.38095238095238 146.14285714285714
821.9946524064171 0.6273837606837607 221.47619047619048 96.14285714285714 150.52380952380952
822.3048128342245 0.634476923076923 221.42857142857142 98.0 154.95238095238096
822.6149732620321 0.6419115384615386 221.52380952380952 99.9047619047619 159.42857142857142
822.9251336898395 0.6497711538461539 221.61904761904762 101.95238095238095 164.0
823.2352941176471 0.6576655982905983 221.57142857142858 104.0952380952381 168.52380952380952
823.5454545454545 0.6655576923076922 221.42857142857142 106.28571428571429 173.04761904761904
823.855614973262 0.6736786324786325 221.38095238095238 108.52380952380952 177.52380952380952
824.1657754010695 0.6824662393162393 221.38095238095238 111.0 181.95238095238096
824.475935828877 0.6919485042735043 221.42857142857142 113.76190476190476 186.14285714285714
824.7860962566845 0.7018837606837606 221.47619047619048 116.71428571428572 190.23809523809524
825.096256684492 0.7125228632478632 221.52380952380952 119.95238095238096 194.23809523809524
825.4064171122994 0.7231899572649572 221.57142857142858 123.23809523809524 198.04761904761904
825.716577540107 0.7334461538461539 221.47619047619048 126.52380952380952 201.42857142857142
826.0267379679144 0.743617735042735 221.33333333333334 129.85714285714286 204.52380952380952
826.336898395722 0.7536559829059828 221.14285714285714 133.23809523809524 207.23809523809524
826.6470588235294 0.7637745726495727 220.95238095238096 136.71428571428572 209.61904761904762
826.9572192513369 0.7743880341880341 220.9047619047619 140.33333333333334 211.85714285714286
827.2673796791444 0.7850598290598291 220.95238095238096 144.0 213.71428571428572
827.5775401069519 0.7951452991452992 220.95238095238096 147.52380952380952 215.28571428571428
827.8877005347593 0.8051613247863246 220.95238095238096 151.0952380952381 216.47619047619048
828.1978609625669 0.8157442307692307 220.9047619047619 154.95238095238096 217.42857142857142
828.5080213903743 0.8266059829059828 220.85714285714286 158.95238095238096 218.1904761904762
828.8181818181819 0.8377094017094016 220.85714285714286 163.04761904761904 218.8095238095238
829.1283422459893 0.8490173076923077 220.95238095238096 167.1904761904762 219.33333333333334
829.4385026737968 0.860254487179487 221.14285714285714 171.28571428571428 219.71428571428572
829.7486631016043 0.8715683760683758 221.33333333333334 175.42857142857142 220.0
830.0588235294117 0.8826442307692307 221.47619047619048 179.52380952380952 220.1904761904762
830.3689839572193 0.893292735042735 221.52380952380952 183.52380952380952 220.28571428571428
830.6791443850267 0.9035010683760683 221.52380952380952 187.38095238095238 220.38095238095238
830.9893048128342 0.9131833333333335 221.52380952380952 191.04761904761904 220.42857142857142
831.2994652406417 0.9221745726495727 221.47619047619048 194.47619047619048 220.47619047619048
831.6096256684492 0.930813888888889 221.42857142857142 197.76190476190476 220.57142857142858
831.9197860962566 0.9393416666666667 221.52380952380952 200.9047619047619 220.8095238095238
832.2299465240642 0.947407264957265 221.66666666666666 203.85714285714286 221.0
832.5401069518716 0.9550837606837608 221.85714285714286 206.61904761904762 221.28571428571428
832.8502673796792 0.9622341880341878 222.04761904761904 209.1904761904762 221.52380952380952
833.1604278074866 0.9686297008547008 222.14285714285714 211.52380952380952 221.76190476190476
833.4705882352941 0.9743713675213675 222.14285714285714 213.66666666666666 221.95238095238096
833.7807486631016 0.9796880341880343 222.14285714285714 215.66666666666666 222.04761904761904
834.0909090909091 0.9846155982905983 222.1904761904762 217.47619047619048 222.23809523809524
834.4010695187166 0.9887557692307692 222.38095238095238 218.9047619047619 222.47619047619048
834.7112299465241 0.9922072649572649 222.61904761904762 220.04761904761904 222.71428571428572
835.0213903743315 0.9947912393162393 222.71428571428572 220.95238095238096 222.85714285714286
835.3315508021391 0.9965472222222223 222.71428571428572 221.61904761904762 222.85714285714286
835.6417112299465 0.997926923076923 222.71428571428572 222.14285714285714 222.85714285714286
835.951871657754 0.9988049145299145 222.71428571428572 222.47619047619048 222.85714285714286
836.2620320855615 0.9994320512820511 222.71428571428572 222.71428571428572 222.85714285714286
836.572192513369 0.9998722222222222 222.76190476190476 222.85714285714286 222.85714285714286
836.8823529411765 0.9998722222222222 222.76190476190476 222.85714285714286 222.85714285714286
837.192513368984 0.9998722222222222 222.76190476190476 222.85714285714286 222.85714285714286
837.5026737967914 0.9999361111111111 222.8095238095238 222.85714285714286 222.85714285714286
837.8128342245989 1.0 222.85714285714286 222.85714285714286 222.85714285714286
838.1229946524064 1.0 222.85714285714286 222.85714285714286 222.85714285714286
838.4331550802139 1.0 222.85714285714286 222.85714285714286 222.85714285714286
838.7433155080214 1.0 222.85714285714286 222.85714285714286 222.85714285714286
839.0534759358288 1.0 222.85714285714286 222.85714285714286 222.85714285714286
839.3636363636364 1.0 222.85714285714286 222.85714285714286 222.85714285714286
839.6737967914438 1.0 222.85714285714286 222.85714285714286 222.85714285714286
839.9839572192514 1.0 222.85714285714286 222.85714285714286 222.85714285714286
840.2941176470588 1.0 222.85714285714286 222.85714285714286 222.85714285714286
840.6042780748663 1.0 222.85714285714286 222.85714285714286 222.85714285714286
840.9144385026738 1.0 222.85714285714286 222.85714285714286 222.85714285714286
841.2245989304813 1.0 222.85714285714286 222.85714285714286 222.85714285714286
841.5347593582887 1.0 222.85714285714286 222.85714285714286 222.85714285714286
841.8449197860963 1.0 222.85714285714286 222.85714285714286 222.85714285714286
842.1550802139037 1.0 222.85714285714286 222.85714285714286 222.85714285714286
842.4652406417113 1.0 222.85714285714286 222.85714285714286 222.85714285714286
842.7754010695187 1.0 222.85714285714286 222.85714285714286 222.85714285714286
843.0855614973262 1.0 222.85714285714286 222.85714285714286 222.85714285714286
843.3957219251337 1.0 222.85714285714286 222.85714285714286 222.85714285714286
843.7058823529412 1.0 222.85714285714286 222.85714285714286 222.85714285714286
844.0160427807486 1.0 222.85714285714286 222.85714285714286 222.85714285714286
844.3262032085562 1.0 222.85714285714286 222.85714285714286 222.85714285714286
844.6363636363636 1.0 222.85714285714286 222.85714285714286 222.85714285714286
844.9465240641712 1.0 222.85714285714286 222.85714285714286 222.85714285714286
845.2566844919786 1.0 222.85714285714286 222.85714285714286 222.85714285714286
845.5668449197861 1.0 222.85714285714286 222.85714285714286 222.85714285714286
845.8770053475936 1.0 222.85714285714286 222.85714285714286 222.85714285714286
846.1871657754011 1.0 222.85714285714286 222.85714285714286 222.85714285714286
846.4973262032086 1.0 222.85714285714286 222.85714285714286 222.85714285714286
846.807486631016 1.0 222.85714285714286 222.85714285714286 222.85714285714286
847.1176470588235 1.0 222.85714285714286 222.85714285714286 222.85714285714286
847.427807486631 1.0 222.85714285714286 222.85714285714286 222.85714285714286
847.7379679144385 1.0 222.85714285714286 222.85714285714286 222.85714285714286
848.048128342246 0.9995726495726496 222.76190476190476 222.76190476190476 222.76190476190476
848.3582887700535 0.999145299145299 222.66666666666666 222.66666666666666 222.66666666666666
848.6684491978609 0.9987179487179487 222.57142857142858 222.57142857142858 222.57142857142858
848.9786096256685 0.9982905982905983 222.47619047619048 222.47619047619048 222.47619047619048
849.2887700534759 0.9978145299145299 222.38095238095238 222.38095238095238 222.28571428571428
849.5989304812834 0.9973256410256411 222.33333333333334 222.23809523809524 222.1904761904762
849.9090909090909 0.996836752136752 222.28571428571428 222.0952380952381 222.0952380952381
850.2192513368984 0.9963350427350427 222.28571428571428 221.9047619047619 222.0952380952381
850.5294117647059 0.9955337606837606 222.28571428571428 221.61904761904762 222.0
850.8395721925134 0.9942307692307693 222.28571428571428 221.14285714285714 221.9047619047619
851.1497326203208 0.9924504273504272 222.28571428571428 220.47619047619048 221.85714285714286
851.4598930481284 0.9904435897435897 222.28571428571428 219.71428571428572 221.85714285714286
851.7700534759358 0.9880604700854699 222.28571428571428 218.8095238095238 221.85714285714286
852.0802139037434 0.9850014957264958 222.28571428571428 217.66666666666666 221.76190476190476
852.3903743315508 0.9810749999999998 222.14285714285714 216.28571428571428 221.57142857142858
852.7005347593583 0.976836111111111 222.04761904761904 214.76190476190476 221.38095238095238
853.0106951871658 0.9721952991452991 222.04761904761904 213.0 221.38095238095238
853.3208556149733 0.9668786324786326 222.04761904761904 211.0 221.28571428571428
853.6310160427807 0.9604831196581197 221.95238095238096 208.66666666666666 221.04761904761904
853.9411764705883 0.9534604700854702 221.85714285714286 206.0952380952381 220.8095238095238
854.2513368983957 0.9464760683760683 221.9047619047619 203.42857142857142 220.76190476190476
854.5614973262032 0.9388029914529914 222.0 200.47619047619048 220.71428571428572
854.8716577540107 0.9300869658119655 222.04761904761904 197.14285714285714 220.71428571428572
855.1818181818182 0.920530128205128 222.04761904761904 193.52380952380952 220.66666666666666
855.4919786096257 0.9100673076923077 222.04761904761904 189.52380952380952 220.8095238095238
855.8021390374331 0.8985628205128204 221.9047619047619 185.23809523809524 220.76190476190476
856.1122994652407 0.8858388888888888 221.61904761904762 180.57142857142858 220.66666666666666
856.4224598930481 0.8720185897435896 221.0952380952381 175.61904761904762 220.52380952380952
856.7326203208556 0.8580576923076926 220.52380952380952 170.61904761904762 220.47619047619048
857.0427807486631 0.8440329059829059 219.9047619047619 165.61904761904762 220.42857142857142
857.3529411764706 0.829767735042735 219.14285714285714 160.61904761904762 220.28571428571428
857.663101604278 0.8151611111111112 218.23809523809524 155.57142857142858 220.0952380952381
857.9732620320856 0.801409188034188 217.52380952380952 150.71428571428572 220.0952380952381
858.283422459893 0.7872344017094015 216.47619047619048 145.85714285714286 220.14285714285714
858.5935828877006 0.7732861111111111 215.42857142857142 141.0952380952381 220.14285714285714
858.903743315508 0.7601901709401709 214.47619047619048 136.57142857142858 220.33333333333334
859.2139037433155 0.7474961538461539 213.42857142857142 132.28571428571428 220.33333333333334
859.524064171123 0.7346696581196581 212.0952380952381 128.0952380952381 220.33333333333334
859.8342245989305 0.7224179487179487 210.76190476190476 124.0952380952381 220.47619047619048
860.144385026738 0.7110929487179486 209.42857142857142 120.42857142857142 220.71428571428572
860.4545454545455 0.6998423076923077 208.0 116.85714285714286 220.85714285714286
860.7647058823529 0.689152564102564 206.42857142857142 113.57142857142858 221.0
861.0748663101605 0.6788123931623931 204.76190476190476 110.47619047619048 221.0952380952381
861.3850267379679 0.6689320512820511 202.95238095238096 107.61904761904762 221.23809523809524
861.6951871657755 0.6593897435897436 201.0 105.0 221.1904761904762
862.0053475935829 0.6504594017094016 199.0 102.61904761904762 221.23809523809524
862.3155080213904 0.6423211538461538 197.04761904761904 100.52380952380952 221.23809523809524
862.6256684491979 0.6350237179487179 195.14285714285714 98.71428571428571 221.28571428571428
862.9358288770054 0.6279619658119658 193.1904761904762 97.0 221.42857142857142
863.2459893048128 0.6212126068376068 191.1904761904762 95.42857142857143 221.57142857142858
863.5561497326203 0.6145886752136751 189.1904761904762 93.9047619047619 221.71428571428572
863.8663101604278 0.6078916666666667 187.1904761904762 92.38095238095238 221.71428571428572
864.1764705882352 0.6011435897435898 185.0952380952381 90.9047619047619 221.61904761904762
864.4866310160428 0.5961108974358974 183.47619047619048 89.80952380952381 221.66666666666666
864.7967914438502 0.5917192307692309 182.0 88.85714285714286 221.85714285714286
865.1069518716578 0.5865982905982907 180.33333333333334 87.76190476190476 221.85714285714286
865.4171122994652 0.5806226495726498 178.47619047619048 86.47619047619048 221.66666666666666
865.7272727272727 0.5758826923076925 177.0 85.42857142857143 221.66666666666666
866.0374331550802 0.5718604700854703 175.66666666666666 84.57142857142857 221.71428571428572
866.3475935828877 0.5668976495726497 174.1904761904762 83.47619047619048 221.52380952380952
866.6577540106952 0.5609675213675214 172.47619047619048 82.19047619047619 221.04761904761904
866.9679144385027 0.555165170940171 170.85714285714286 80.9047619047619 220.57142857142858
867.2780748663101 0.5504835470085471 169.47619047619048 79.9047619047619 220.1904761904762
867.5882352941177 0.5466102564102565 168.38095238095238 79.04761904761905 219.9047619047619
867.8983957219251 0.5433025641025643 167.33333333333334 78.38095238095238 219.61904761904762
868.2085561497327 0.5385143162393163 166.0 77.38095238095238 218.9047619047619
868.5187165775401 0.5347944444444445 164.9047619047619 76.61904761904762 218.42857142857142
868.8288770053476 0.5321976495726496 164.14285714285714 76.0952380952381 218.04761904761904
869.1390374331551 0.5279589743589744 163.04761904761904 75.23809523809524 217.04761904761904
869.4491978609626 0.5222641025641025 161.66666666666666 74.04761904761905 215.66666666666666
869.75935828877 0.5169478632478632 160.38095238095238 72.95238095238095 214.28571428571428
870.0695187165776 0.5120589743589744 159.1904761904762 71.95238095238095 213.0
870.379679144385 0.5088307692307691 158.38095238095238 71.33333333333333 212.0
870.6898395721926 0.50263547008547 156.9047619047619 70.04761904761905 210.38095238095238
871.0 0.4977222222222222 155.71428571428572 69.04761904761905 209.04761904761904
871.3101604278074 0.4938529914529914 154.76190476190476 68.28571428571429 207.9047619047619
871.620320855615 0.4883510683760683 153.42857142857142 67.19047619047619 206.28571428571428
871.9304812834225 0.48242179487179476 152.0 66.0 204.57142857142858
872.24064171123 0.47777457264957257 150.85714285714286 65.0952380952381 203.14285714285714
872.5508021390374 0.47267564102564097 149.61904761904762 64.0952380952381 201.57142857142858
872.8609625668449 0.4703057692307691 149.0 63.71428571428571 200.52380952380952
873.1711229946524 0.46737158119658107 148.23809523809524 63.23809523809524 199.23809523809524
873.4812834224599 0.46415982905982905 147.38095238095238 62.71428571428571 197.9047619047619
873.7914438502673 0.4603070512820513 146.38095238095238 62.04761904761905 196.42857142857142
874.1016042780749 0.45436858974358985 145.0 60.85714285714286 194.57142857142858
874.4117647058823 0.44864380341880344 143.66666666666666 59.71428571428571 192.76190476190476
874.7219251336899 0.4445773504273505 142.61904761904762 59.0 191.23809523809524
875.0320855614973 0.4435023504273505 142.23809523809524 58.95238095238095 190.38095238095238
875.3422459893048 0.43529935897435906 140.28571428571428 57.28571428571429 188.04761904761904
875.6524064171123 0.4315835470085471 139.33333333333334 56.61904761904762 186.71428571428572
875.9625668449198 0.4300416666666667 138.8095238095238 56.47619047619048 185.8095238095238
876.2727272727273 0.42764508547008556 138.0952380952381 56.14285714285714 184.71428571428572
876.5828877005348 0.4195279914529914 136.0952380952381 54.52380952380952 182.42857142857142
876.8930481283422 0.4165391025641026 135.23809523809524 54.04761904761905 181.28571428571428
877.2032085561498 0.415900641025641 134.9047619047619 54.0952380952381 180.66666666666666
877.5133689839572 0.40822371794871787 132.95238095238096 52.61904761904762 178.38095238095238
877.8235294117648 0.40370085470085454 131.61904761904762 51.9047619047619 176.71428571428572
878.1336898395722 0.39787158119658106 130.0 50.9047619047619 174.71428571428572
878.4438502673797 0.39246965811965795 128.47619047619048 50.0 172.8095238095238
878.7540106951872 0.38816047008546994 127.1904761904762 49.33333333333333 171.1904761904762
879.0641711229946 0.37834444444444437 124.66666666666666 47.42857142857143 168.42857142857142
879.3743315508021 0.3680243589743588 122.04761904761904 45.38095238095238 165.66666666666666
879.6844919786097 0.35991773504273494 119.9047619047619 43.857142857142854 163.28571428571428
879.9946524064171 0.35287948717948714 118.0 42.57142857142857 161.14285714285714
880.3048128342245 0.35161047008547003 117.38095238095238 42.57142857142857 160.28571428571428
880.6149732620321 0.34713632478632467 116.04761904761904 41.857142857142854 158.71428571428572
880.9251336898395 0.339243376068376 113.95238095238096 40.38095238095238 156.38095238095238
881.2352941176471 0.33049572649572645 111.66666666666666 38.714285714285715 153.85714285714286
881.5454545454545 0.33243183760683753 111.76190476190476 39.42857142857143 153.71428571428572
881.855614973262 0.32817136752136755 110.47619047619048 38.76190476190476 152.1904761904762
882.1657754010695 0.32024123931623927 108.42857142857142 37.23809523809524 149.9047619047619
882.475935828877 0.317943376068376 107.61904761904762 37.0 148.76190476190476
882.7860962566845 0.30965106837606843 105.42857142857143 35.476190476190474 146.14285714285714
883.096256684492 0.30515619658119664 104.0952380952381 34.80952380952381 144.28571428571428
883.4064171122994 0.2959604700854702 101.71428571428571 33.095238095238095 141.38095238095238
883.716577540107 0.2899570512820514 100.0952380952381 32.04761904761905 139.28571428571428
884.0267379679144 0.28350064102564115 98.47619047619048 30.80952380952381 137.28571428571428
884.336898395722 0.2804873931623933 97.61904761904762 30.333333333333336 136.0952380952381
884.6470588235294 0.2776878205128206 96.80952380952381 29.904761904761905 134.95238095238096
884.9572192513369 0.2729651709401711 95.57142857142857 29.04761904761905 133.38095238095238
885.2673796791444 0.2714476495726497 95.04761904761905 28.904761904761905 132.52380952380952
885.5775401069519 0.2695027777777779 94.42857142857143 28.666666666666664 131.57142857142858
885.8877005347593 0.2654083333333335 93.38095238095238 27.904761904761905 130.23809523809524
886.1978609625669 0.26067286324786343 92.19047619047619 27.0 128.76190476190476
886.5080213903743 0.25080918803418817 89.85714285714286 24.95238095238095 126.14285714285714
886.8181818181819 0.24393696581196594 88.19047619047619 23.57142857142857 124.1904761904762
887.1283422459893 0.2364747863247864 86.47619047619048 22.0 122.1904761904762
887.4385026737968 0.22389722222222233 83.57142857142857 19.333333333333336 118.95238095238096
887.7486631016043 0.21468739316239321 81.33333333333333 17.476190476190474 116.38095238095238
888.0588235294117 0.20697329059829067 79.42857142857143 15.952380952380949 114.14285714285714
888.3689839572193 0.2035326923076923 78.47619047619048 15.38095238095238 112.85714285714286
888.6791443850268 0.19424615384615382 76.23809523809524 13.476190476190474 110.38095238095238
888.9893048128342 0.18833888888888883 74.71428571428571 12.333333333333336 108.71428571428572
889.2994652406417 0.18210405982905978 73.19047619047619 11.047619047619047 107.14285714285714
889.6096256684492 0.18451730769230765 73.57142857142857 11.714285714285715 107.42857142857143
889.9197860962566 0.179451923076923 72.28571428571429 10.714285714285715 106.04761904761905
890.2299465240642 0.17652329059829056 71.47619047619048 10.19047619047619 105.14285714285714
890.5401069518716 0.17808183760683757 71.66666666666667 10.666666666666668 105.23809523809524
890.8502673796792 0.17275405982905978 70.33333333333333 9.61904761904762 103.71428571428571
891.1604278074866 0.16721260683760678 68.95238095238095 8.523809523809526 102.14285714285714
891.4705882352941 0.16209850427350414 67.66666666666667 7.5238095238095255 100.66666666666667
891.7807486631016 0.15321260683760682 65.42857142857143 5.761904761904763 98.23809523809524
892.0909090909091 0.14510705128205123 63.47619047619048 4.095238095238095 96.0952380952381
892.4010695187166 0.1428322649572649 62.76190476190476 3.7619047619047628 95.23809523809524
892.7112299465241 0.14546965811965806 63.04761904761905 4.571428571428573 95.47619047619048
893.0213903743315 0.14767970085470083 63.23809523809524 5.285714285714285 95.61904761904762
893.3315508021391 0.1492 63.28571428571429 5.857142857142858 95.52380952380952
893.6417112299465 0.1532715811965812 63.95238095238095 6.9523809523809526 96.0952380952381
893.951871657754 0.15440277777777778 64.04761904761905 7.333333333333332 96.0952380952381
894.2620320855615 0.1578844017094017 64.66666666666667 8.238095238095237 96.61904761904762
894.572192513369 0.15853952991452994 64.66666666666667 8.523809523809526 96.42857142857143
894.8823529411765 0.16069038461538462 65.0 9.142857142857142 96.57142857142857
895.192513368984 0.16545641025641025 66.0 10.285714285714285 97.38095238095238
895.5026737967914 0.16589786324786324 65.95238095238095 10.523809523809526 97.14285714285714
895.8128342245989 0.15648589743589744 63.71428571428571 8.571428571428573 94.66666666666667
896.1229946524064 0.15925341880341878 64.19047619047619 9.333333333333332 94.9047619047619
896.433155080214 0.16137991452991451 64.52380952380952 9.952380952380953 95.0
896.7433155080214 0.15752350427350428 63.52380952380952 9.238095238095237 93.76190476190476
897.0534759358288 0.16012606837606835 63.95238095238095 9.952380952380953 94.04761904761905
897.3636363636364 0.161232905982906 64.04761904761905 10.333333333333332 94.0
897.6737967914438 0.1584935897435897 63.28571428571429 9.857142857142858 93.0952380952381
897.9839572192514 0.16465427350427347 64.61904761904762 11.285714285714285 94.28571428571429
898.2941176470588 0.16997072649572645 65.61904761904762 12.61904761904762 95.19047619047619
898.6042780748663 0.16561025641025634 64.52380952380952 11.761904761904763 93.95238095238095
898.9144385026738 0.15719230769230763 62.61904761904762 9.952380952380953 91.80952380952381
899.2245989304813 0.1551846153846153 62.14285714285714 9.571428571428573 91.0952380952381
899.5347593582887 0.15670598290598287 62.38095238095238 10.0 91.23809523809524
899.8449197860963 0.15523589743589736 61.95238095238095 9.761904761904763 90.71428571428571
900.1550802139037 0.15184273504273502 61.0952380952381 9.095238095238095 89.76190476190476
900.4652406417113 0.1499452991452991 60.57142857142857 8.761904761904763 89.14285714285714
900.7754010695187 0.1408292735042735 58.33333333333333 6.857142857142858 87.0
901.0855614973262 0.13812350427350426 57.52380952380952 6.38095238095238 86.28571428571429
901.3957219251337 0.14033226495726495 57.80952380952381 7.0 86.66666666666667
901.7058823529412 0.13271196581196582 55.9047619047619 5.428571428571427 84.85714285714286
902.0160427807486 0.13142521367521365 55.42857142857143 5.238095238095237 84.57142857142857
902.3262032085562 0.12761153846153847 54.33333333333333 4.5238095238095255 83.66666666666667
902.6363636363636 0.12502884615384613 53.42857142857143 4.142857142857142 82.95238095238095
902.9465240641712 0.12047435897435899 52.0952380952381 3.333333333333332 81.71428571428571
903.2566844919786 0.11463782051282052 50.47619047619048 2.2380952380952372 80.19047619047619
903.5668449197861 0.11243376068376071 49.66666666666667 1.9523809523809526 79.47619047619048
903.8770053475936 0.11322115384615386 49.52380952380952 2.333333333333332 79.42857142857143
904.1871657754011 0.11037606837606842 48.57142857142857 1.904761904761905 78.57142857142857
904.4973262032086 0.10652649572649572 47.42857142857143 1.2380952380952372 77.47619047619048
904.807486631016 0.10310427350427354 46.38095238095238 0.6666666666666679 76.47619047619048
905.1176470588235 0.10181880341880346 45.80952380952381 0.571428571428573 75.95238095238095
905.4278074866311 0.10267008547008549 45.71428571428571 0.9523809523809526 75.9047619047619
905.7379679144385 0.0989726495726496 44.66666666666667 0.2857142857142847 74.85714285714286
906.048128342246 0.09313846153846159 43.142857142857146 0.0 73.33333333333333
906.3582887700535 0.09093675213675217 42.42857142857143 0.0 72.61904761904762
906.6684491978609 0.08766666666666671 41.476190476190474 0.0 71.66666666666667
906.9786096256685 0.08824508547008553 41.476190476190474 0.0 71.57142857142857
907.2887700534759 0.08219957264957269 40.0 0.0 70.0
907.5989304812834 0.07766260683760685 38.80952380952381 0.0 68.66666666666667
907.9090909090909 0.07697179487179487 38.476190476190474 0.0 68.19047619047619
908.2192513368984 0.07393055555555554 37.61904761904762 0.0 67.19047619047619
908.5294117647059 0.07234786324786324 37.142857142857146 0.0 66.57142857142857
908.8395721925134 0.06846581196581196 36.23809523809524 0.0 65.52380952380952
909.1497326203208 0.0659145299145299 35.61904761904762 0.0 64.85714285714286
909.4598930481284 0.059944444444444425 34.23809523809524 0.0 63.42857142857143
909.7700534759358 0.055470085470085466 33.19047619047619 0.0 62.33333333333333
910.0802139037434 0.05042905982905983 31.904761904761905 0.0 61.0
910.3903743315508 0.04616837606837608 30.904761904761905 0.0 59.95238095238095
910.7005347593583 0.04596752136752138 30.80952380952381 0.0 59.80952380952381
911.0106951871658 0.05068119658119657 31.80952380952381 0.0 60.76190476190476
911.3208556149733 0.05283076923076924 32.23809523809524 0.0 61.14285714285714
911.6310160427807 0.04835641025641026 31.19047619047619 0.0 60.04761904761905
911.9411764705883 0.04708717948717948 30.857142857142854 0.0 59.66666666666667
912.2513368983957 0.04933782051282053 31.285714285714285 0.0 60.0
912.5614973262032 0.05153974358974359 31.714285714285715 0.0 60.23809523809524
912.8716577540107 0.05006047008547008 31.333333333333336 0.0 59.57142857142857
913.1818181818182 0.05029059829059832 31.333333333333336 0.0 59.28571428571429
913.4919786096257 0.05009337606837609 31.23809523809524 0.0 58.9047619047619
913.8021390374331 0.04731923076923077 30.61904761904762 0.0 58.04761904761905
914.1122994652407 0.05116901709401711 31.476190476190474 0.0 58.66666666666667
914.4224598930481 0.05544615384615384 32.42857142857143 0.0 59.38095238095238
914.7326203208556 0.05886858974358975 33.19047619047619 0.0 59.9047619047619
915.0427807486631 0.05557884615384615 32.42857142857143 0.0 58.9047619047619
915.3529411764706 0.052289102564102574 31.666666666666664 0.0 57.9047619047619
915.663101604278 0.05250641025641026 31.714285714285715 0.0 57.71428571428571
915.9732620320856 0.05486047008547009 32.23809523809524 0.0 58.0
916.283422459893 0.05842222222222227 33.142857142857146 0.0 58.66666666666667
916.5935828877006 0.060348931623931644 33.57142857142857 0.0 58.85714285714286
916.903743315508 0.061207264957265 33.76190476190476 0.0 58.80952380952381
917.2139037433155 0.057151068376068405 32.857142857142854 0.0 57.66666666666667
917.524064171123 0.05357094017094018 32.04761904761905 0.0 56.71428571428571
917.8342245989305 0.05276858974358976 31.857142857142854 0.0 56.38095238095238
918.144385026738 0.04940213675213675 31.095238095238095 0.0 55.47619047619048
918.4545454545455 0.048285042735042714 30.857142857142854 0.0 55.14285714285714
918.7647058823529 0.04529358974358975 30.19047619047619 0.0 54.47619047619048
919.0748663101605 0.04470128205128205 30.04761904761905 0.0 54.42857142857143
919.3850267379679 0.04790641025641027 30.76190476190476 0.0 55.14285714285714
919.6951871657755 0.0513252136752137 31.523809523809526 0.0 55.9047619047619
920.0053475935829 0.05196623931623934 31.666666666666664 0.0 56.04761904761905
920.3155080213904 0.05089786324786327 31.42857142857143 0.0 55.80952380952381
920.6256684491979 0.04734209401709405 30.61904761904762 0.0 54.9047619047619
920.9358288770054 0.04250427350427352 29.523809523809526 0.0 53.71428571428571
921.2459893048128 0.04288290598290603 29.61904761904762 0.0 53.71428571428571
921.5561497326203 0.04432991452991457 29.95238095238095 0.0 53.95238095238095
921.8663101604278 0.04697072649572657 30.523809523809526 0.0 54.42857142857143
922.1764705882354 0.04683376068376074 30.476190476190474 0.0 54.28571428571429
922.4866310160428 0.04368098290598294 29.76190476190476 0.0 53.42857142857143
922.7967914438502 0.04458803418803419 29.95238095238095 0.0 53.47619047619048
923.1069518716578 0.04143525641025644 29.23809523809524 0.0 52.61904761904762
923.4171122994652 0.040846581196581196 29.095238095238095 0.0 52.33333333333333
923.7272727272727 0.04491004273504276 30.0 0.0 53.0
924.0374331550802 0.04491367521367525 30.0 0.0 52.76190476190476
924.3475935828877 0.04470363247863249 29.95238095238095 0.0 52.47619047619048
924.6577540106952 0.04684401709401712 30.42857142857143 0.0 52.71428571428571
924.9679144385027 0.04748867521367525 30.57142857142857 0.0 52.61904761904762
925.2780748663101 0.04471452991452994 29.95238095238095 0.0 51.76190476190476
925.5882352941177 0.04284380341880345 29.523809523809526 0.0 51.19047619047619
925.8983957219251 0.043537179487179514 29.666666666666664 0.0 51.19047619047619
926.2085561497327 0.04230747863247866 29.38095238095238 0.0 50.76190476190476
926.5187165775401 0.03915470085470088 28.666666666666664 0.0 49.9047619047619
926.8288770053476 0.039771367521367534 28.80952380952381 0.0 50.0
927.1390374331551 0.0424760683760684 29.42857142857143 0.0 50.47619047619048
927.4491978609626 0.04690299145299146 30.38095238095238 0.0 51.23809523809524
927.75935828877 0.050765598290598304 31.19047619047619 0.0 51.76190476190476
928.0695187165776 0.04712521367521371 30.333333333333336 0.0 50.57142857142857
928.379679144385 0.04387500000000004 29.61904761904762 0.0 49.52380952380952
928.6898395721926 0.050264529914529954 31.04761904761905 0.0 50.66666666666667
929.0 0.051953205128205164 31.42857142857143 0.0 50.76190476190476
929.3101604278074 0.05280235042735045 31.666666666666664 0.0 50.57142857142857
929.620320855615 0.05365149572649574 31.904761904761905 0.0 50.38095238095238
929.9304812834225 0.04958611111111111 31.04761904761905 0.0 49.0952380952381
930.24064171123 0.049366880341880304 31.04761904761905 0.0 48.66666666666667
930.5508021390374 0.05431303418803416 32.142857142857146 0.0 49.33333333333333
930.8609625668449 0.0556267094017094 32.42857142857143 0.0 49.19047619047619
931.1711229946524 0.05587200854700856 32.476190476190474 0.0 48.80952380952381
931.4812834224599 0.06103183760683763 33.61904761904762 0.0 49.52380952380952
931.7914438502673 0.06270897435897438 33.95238095238095 0.0 49.47619047619048
932.1016042780749 0.05925790598290597 33.142857142857146 0.0 48.28571428571429
932.4117647058823 0.06859017094017092 35.23809523809524 0.0 50.0
932.7219251336899 0.07621303418803416 36.95238095238095 0.14285714285714235 51.33333333333333
933.0320855614973 0.07742564102564098 37.23809523809524 0.4761904761904745 51.23809523809524
933.3422459893048 0.07996901709401706 37.80952380952381 1.095238095238095 51.52380952380952
933.6524064171123 0.08121752136752132 38.142857142857146 1.3809523809523796 51.61904761904762
933.9625668449198 0.07854316239316236 37.61904761904762 0.7619047619047628 50.95238095238095
934.2727272727273 0.08208974358974355 38.476190476190474 1.5238095238095255 51.71428571428571
934.5828877005348 0.08353675213675209 38.80952380952381 1.8571428571428577 51.95238095238095
934.8930481283422 0.07985555555555551 38.0 1.0476190476190474 51.04761904761905
935.2032085561498 0.07596068376068371 37.142857142857146 0.1904761904761898 50.0952380952381
935.5133689839572 0.07739252136752131 37.42857142857143 0.5238095238095255 50.42857142857143
935.8235294117648 0.07903803418803411 37.76190476190476 0.9047619047619051 50.80952380952381
936.1336898395722 0.07961517094017088 37.857142857142854 1.0476190476190474 50.95238095238095
936.4438502673797 0.0782692307692307 37.523809523809526 0.7619047619047628 50.66666666666667
936.7540106951872 0.07453568376068369 36.714285714285715 0.0 49.9047619047619
937.0641711229947 0.07293888888888883 36.38095238095238 0.0 49.61904761904762
937.3743315508021 0.07144316239316233 36.04761904761905 0.0 49.28571428571429
937.6844919786097 0.06674230769230764 35.0 0.0 48.23809523809524
937.9946524064171 0.06317371794871794 34.23809523809524 0.0 47.42857142857143
938.3048128342245 0.06323760683760682 34.285714285714285 0.0 47.42857142857143
938.6149732620321 0.05436431623931626 32.285714285714285 0.0 45.38095238095238
938.9251336898396 0.04890982905982909 31.04761904761905 0.0 44.0952380952381
939.2352941176471 0.04830598290598291 30.857142857142854 0.0 43.904761904761905
939.5454545454545 0.04620641025641023 30.333333333333336 0.0 43.38095238095238
939.855614973262 0.047311965811965756 30.523809523809526 0.0 43.57142857142857
940.1657754010695 0.04905854700854695 30.857142857142854 0.0 43.904761904761905
940.475935828877 0.04994807692307689 30.904761904761905 0.0 44.04761904761905
940.7860962566845 0.04699145299145296 30.095238095238095 0.0 43.333333333333336
941.096256684492 0.042915384615384584 28.95238095238095 0.0 42.285714285714285
941.4064171122994 0.04508696581196578 29.285714285714285 0.0 42.714285714285715
941.716577540107 0.04277136752136749 28.61904761904762 0.0 42.142857142857146
942.0267379679144 0.03800320512820511 27.23809523809524 0.0 40.857142857142854
942.336898395722 0.04084017094017095 27.714285714285715 0.0 41.476190476190474
942.6470588235294 0.04317307692307693 28.095238095238095 0.0 42.095238095238095
942.9572192513369 0.04387329059829059 28.095238095238095 0.0 42.23809523809524
943.2673796791444 0.04158205128205127 27.42857142857143 0.0 41.714285714285715
943.5775401069519 0.04068547008547009 27.095238095238095 0.0 41.57142857142857
943.8877005347593 0.041284615384615385 27.095238095238095 0.0 41.76190476190476
944.1978609625669 0.040425213675213664 26.714285714285715 0.0 41.57142857142857
944.5080213903743 0.03935213675213675 26.285714285714285 0.0 41.333333333333336
944.8181818181818 0.039561111111111096 26.142857142857146 0.0 41.38095238095238
945.1283422459893 0.037205982905982905 25.42857142857143 0.0 40.857142857142854
945.4385026737968 0.03251324786324784 24.142857142857146 0.0 39.714285714285715
945.7486631016043 0.034017094017094004 24.23809523809524 0.0 39.95238095238095
946.0588235294117 0.02654658119658118 22.333333333333336 0.0 38.19047619047619
946.3689839572193 0.025700000000000018 21.904761904761905 0.0 37.904761904761905
946.6791443850268 0.027633547008547015 22.19047619047619 0.0 38.23809523809524
946.9893048128342 0.03127649572649573 22.857142857142854 0.0 38.95238095238095
947.2994652406417 0.03373952991452991 23.42857142857143 0.0 39.57142857142857
947.6096256684492 0.03316004273504274 23.23809523809524 0.0 39.42857142857143
947.9197860962568 0.03257820512820516 22.95238095238095 0.0 39.285714285714285
948.2299465240642 0.03380790598290603 23.23809523809524 0.0 39.714285714285715
948.5401069518716 0.031064957264957296 22.476190476190474 0.0 39.04761904761905
948.8502673796792 0.028612393162393206 21.76190476190476 0.0 38.333333333333336
949.1604278074866 0.028155982905982927 21.476190476190474 0.0 38.19047619047619
949.4705882352941 0.030904700854700907 21.904761904761905 0.0 38.76190476190476
949.7807486631016 0.030020940170940202 21.523809523809526 0.0 38.523809523809526
950.0909090909091 0.03597478632478634 22.666666666666664 0.0 39.80952380952381
950.4010695187166 0.03832051282051283 23.0 0.0 40.333333333333336
950.7112299465241 0.03831581196581196 22.80952380952381 0.0 40.333333333333336
951.0213903743315 0.03809743589743588 22.57142857142857 0.0 40.285714285714285
951.3315508021391 0.03830641025641021 22.42857142857143 0.0 40.333333333333336
951.6417112299465 0.04177158119658115 23.095238095238095 0.0 41.19047619047619
951.951871657754 0.03792307692307688 22.142857142857146 0.0 40.333333333333336
952.2620320855615 0.04199572649572649 23.0 0.0 41.142857142857146
952.572192513369 0.04217350427350426 23.0 0.0 41.0
952.8823529411765 0.03893247863247862 22.23809523809524 0.0 40.095238095238095
953.192513368984 0.03590512820512817 21.523809523809526 0.0 39.23809523809524
953.5026737967914 0.034108760683760654 21.0 0.0 38.57142857142857
953.8128342245989 0.034021794871794846 20.857142857142854 0.0 38.285714285714285
954.1229946524064 0.03479188034188032 21.0 0.0 38.19047619047619
954.433155080214 0.03245448717948717 20.142857142857146 0.0 37.095238095238095
954.7433155080214 0.034079273504273505 20.476190476190474 0.0 37.19047619047619
955.0534759358288 0.0322852564102564 20.04761904761905 0.0 36.523809523809526
955.3636363636364 0.031837179487179505 19.95238095238095 0.0 36.142857142857146
955.6737967914439 0.03224380341880343 20.04761904761905 0.0 35.95238095238095
955.9839572192514 0.03329145299145301 20.285714285714285 0.0 35.904761904761905
956.2941176470588 0.024723717948717965 18.38095238095238 0.0 33.714285714285715
956.6042780748663 0.021008974358974385 17.61904761904762 0.0 32.61904761904762
956.9144385026739 0.019858333333333356 17.42857142857143 0.0 32.095238095238095
957.2245989304813 0.020051282051282086 17.476190476190474 0.0 31.857142857142854
957.5347593582887 0.020457905982906015 17.57142857142857 0.0 31.666666666666664
957.8449197860963 0.01808675213675219 17.04761904761905 0.0 30.857142857142854
958.1550802139037 0.017260042735042766 16.857142857142854 0.0 30.476190476190474
958.4652406417113 0.014067735042735096 16.095238095238095 0.0 29.666666666666664
958.7754010695187 0.008787393162393204 14.857142857142854 0.0 28.476190476190474
959.0855614973262 0.0043989316239316754 13.76190476190476 0.0 27.42857142857143
959.3957219251337 0.004033119658119713 13.61904761904762 0.0 27.333333333333336
959.7058823529412 0.00900918803418809 14.666666666666664 0.0 28.42857142857143
960.0160427807486 0.010139102564102586 14.857142857142854 0.0 28.666666666666664
960.3262032085562 0.012337393162393163 15.285714285714285 0.0 29.142857142857146
960.6363636363636 0.015292735042735062 16.19047619047619 0.0 30.095238095238095
960.9465240641712 0.01108076923076922 15.19047619047619 0.0 29.142857142857146
961.2566844919786 0.013706410256410255 15.714285714285715 0.0 29.714285714285715
961.566844919786 0.015049999999999964 15.952380952380949 0.0 30.0
961.8770053475936 0.009958974358974332 14.76190476190476 0.0 28.80952380952381
962.1871657754011 0.0105861111111111 14.76190476190476 0.0 28.80952380952381
962.4973262032086 0.01292264957264957 15.142857142857146 0.0 29.19047619047619
962.807486631016 0.01547286324786327 15.57142857142857 0.0 29.61904761904762
963.1176470588235 0.015672649572649577 15.476190476190474 0.0 29.523809523809526
963.4278074866311 0.014742521367521374 15.19047619047619 0.0 29.19047619047619
963.7379679144385 0.017872222222222216 15.80952380952381 0.0 29.76190476190476
964.048128342246 0.02207029914529914 16.666666666666664 0.0 30.57142857142857
964.3582887700535 0.028191452991452995 17.95238095238095 0.0 31.80952380952381
964.668449197861 0.02747500000000002 17.714285714285715 0.0 31.523809523809526
964.9786096256685 0.03316880341880345 18.904761904761905 0.0 32.666666666666664
965.2887700534759 0.03754337606837609 19.857142857142854 0.0 33.57142857142857
965.5989304812834 0.03789529914529918 19.857142857142854 0.0 33.523809523809526
965.9090909090909 0.03376004273504275 18.857142857142854 0.0 32.476190476190474
966.2192513368984 0.028342735042735063 17.57142857142857 0.0 31.142857142857146
966.5294117647059 0.021968589743589742 15.904761904761905 0.0 29.42857142857143
966.8395721925134 0.021390384615384627 15.61904761904762 0.0 29.04761904761905
967.1497326203208 0.022470512820512854 15.61904761904762 0.0 28.95238095238095
967.4598930481284 0.02371559829059832 15.666666666666664 0.0 28.80952380952381
967.7700534759358 0.021541880341880378 14.952380952380949 0.0 27.904761904761905
968.0802139037434 0.02281132478632483 15.0 0.0 27.80952380952381
968.3903743315508 0.02391816239316242 15.095238095238095 0.0 27.76190476190476
968.7005347593583 0.02694807692307694 15.61904761904762 0.0 28.142857142857146
969.0106951871658 0.029550641025641033 16.04761904761905 0.0 28.42857142857143
969.3208556149733 0.03343525641025642 16.76190476190476 0.0 29.0
969.6310160427807 0.031977991452991454 16.285714285714285 0.0 28.38095238095238
969.9411764705883 0.03308482905982906 16.38095238095238 0.0 28.333333333333336
970.2513368983957 0.03205491452991453 16.0 0.0 27.80952380952381
970.5614973262032 0.023546367521367528 13.952380952380949 0.0 25.61904761904762
970.8716577540107 0.022089102564102576 13.476190476190474 0.0 25.0
971.1818181818182 0.015503632478632502 11.857142857142858 0.0 23.23809523809524
971.4919786096257 0.010413888888888915 10.571428571428573 0.0 21.80952380952381
971.8021390374331 0.013016452991453025 11.0 0.0 22.095238095238095
972.1122994652407 0.010704487179487208 10.333333333333332 0.0 21.285714285714285
972.4224598930482 0.01266602564102568 10.61904761904762 0.0 21.42857142857143
972.7326203208556 0.01729380341880347 11.666666666666668 0.0 22.333333333333336
973.0427807486631 0.018903418803418837 11.952380952380953 0.0 22.523809523809526
973.3529411764706 0.01778632478632483 11.714285714285715 0.0 22.19047619047619
973.6631016042782 0.011803418803418854 10.38095238095238 0.0 20.857142857142854
973.9732620320856 0.010307692307692363 10.047619047619047 0.0 20.523809523809526
974.283422459893 0.010735042735042789 10.142857142857142 0.0 20.61904761904762
974.5935828877006 0.007102564102564138 9.333333333333332 0.0 19.80952380952381
974.903743315508 0.004324786324786354 8.714285714285715 0.0 19.19047619047619
975.2139037433155 0.0006923076923077185 7.904761904761905 0.0 18.38095238095238
975.524064171123 0.0 6.61904761904762 0.0 17.095238095238095
975.8342245989305 0.0 6.19047619047619 0.0 16.666666666666664
976.144385026738 0.0 4.9523809523809526 0.0 15.42857142857143
976.4545454545455 0.0 4.4761904761904745 0.0 14.952380952380949
976.7647058823529 0.0 5.333333333333332 0.0 15.80952380952381
977.0748663101605 0.0 6.142857142857142 0.0 16.61904761904762
977.3850267379679 0.0 6.61904761904762 0.0 17.095238095238095
977.6951871657755 0.0 6.857142857142858 0.0 17.333333333333336
978.0053475935829 0.0 5.80952380952381 0.0 16.285714285714285
978.3155080213903 0.0 6.285714285714285 0.0 16.76190476190476
978.6256684491979 0.0 6.5238095238095255 0.0 17.0
978.9358288770054 0.0 5.61904761904762 0.0 16.095238095238095
979.2459893048128 0.0 4.857142857142858 0.0 15.333333333333336
979.5561497326203 0.0 4.761904761904763 0.0 15.23809523809524
979.8663101604278 0.0 5.428571428571427 0.0 15.904761904761905
980.1764705882354 0.0 6.428571428571427 0.0 16.904761904761905
980.4866310160428 0.0 6.19047619047619 0.0 16.666666666666664
980.7967914438502 0.0 5.238095238095237 0.0 15.714285714285715
981.1069518716578 0.0 5.4761904761904745 0.0 15.952380952380949
981.4171122994653 0.0009341880341880394 6.9523809523809526 0.0 17.42857142857143
981.7272727272727 0.004817521367521366 7.761904761904763 0.0 18.23809523809524
982.0374331550802 0.005748931623931615 7.9523809523809526 0.0 18.333333333333336
982.3475935828877 0.005096367521367514 7.761904761904763 0.0 18.04761904761905
982.6577540106952 0.002520726495726481 7.142857142857142 0.0 17.333333333333336
982.9679144385027 0.0 6.4761904761904745 0.0 16.57142857142857
983.2780748663101 0.0 6.333333333333332 0.0 16.333333333333336
983.5882352941177 0.0019844017094016978 7.0 0.0 16.904761904761905
983.8983957219251 0.004713461538461526 7.61904761904762 0.0 17.42857142857143
984.2085561497327 0.0070151709401709275 8.142857142857142 0.0 17.857142857142854
984.5187165775401 0.0039749999999999916 7.4761904761904745 0.0 17.095238095238095
984.8288770053476 0.0009348290598290544 6.80952380952381 0.0 16.333333333333336
985.1390374331551 0.0017408119658119503 7.0 0.0 16.42857142857143
985.4491978609626 0.0019057692307692072 7.0476190476190474 0.0 16.38095238095238
985.75935828877 0.0018570512820512673 7.0476190476190474 0.0 16.285714285714285
986.0695187165776 0.0018083333333333115 7.0476190476190474 0.0 16.19047619047619
986.379679144385 0.000691239316239291 6.80952380952381 0.0 15.857142857142854
986.6898395721926 0.003420299145299119 7.428571428571427 0.0 16.38095238095238
987.0 0.007445299145299112 8.476190476190474 0.0 17.333333333333336
987.3101604278074 0.005046153846153814 7.9523809523809526 0.0 16.714285714285715
987.620320855615 0.0 6.571428571428573 0.0 15.23809523809524
987.9304812834225 0.0 5.904761904761905 0.0 14.476190476190474
988.24064171123 0.0 5.857142857142858 0.0 14.42857142857143
988.5508021390374 0.0 6.238095238095237 0.0 14.80952380952381
988.8609625668449 0.0 6.666666666666668 0.0 15.23809523809524
989.1711229946525 0.0028119658119657893 7.4761904761904745 0.0 16.04761904761905
989.4812834224599 0.0013162393162392987 7.142857142857142 0.0 15.714285714285715
989.7914438502673 0.0 6.142857142857142 0.0 14.714285714285715
990.1016042780749 0.0 5.333333333333332 0.0 13.904761904761905
990.4117647058824 0.0 5.19047619047619 0.0 13.76190476190476
990.7219251336899 0.0 5.904761904761905 0.0 14.476190476190474
991.0320855614973 0.0 6.0 0.0 14.57142857142857
991.3422459893048 0.0 5.761904761904763 0.0 14.333333333333336
991.6524064171123 0.0 5.761904761904763 0.0 14.38095238095238
991.9625668449198 0.0 6.0 0.0 14.666666666666664
992.2727272727273 0.0 5.333333333333332 0.0 14.047619047619051
992.5828877005348 0.0 4.19047619047619 0.0 12.952380952380949
992.8930481283422 0.0 2.9523809523809526 0.0 11.761904761904763
993.2032085561498 0.0 2.0 0.0 10.857142857142858
993.5133689839572 0.0 1.6190476190476204 0.0 10.523809523809526
993.8235294117648 0.0 1.3333333333333321 0.0 10.285714285714285
994.1336898395722 0.0 1.1904761904761898 0.0 10.19047619047619
994.4438502673797 0.0 1.428571428571427 0.0 10.476190476190474
994.7540106951872 0.0 0.9523809523809526 0.0 10.047619047619047
995.0641711229946 0.0 0.42857142857142705 0.0 9.571428571428573
995.3743315508021 0.0 0.0 0.0 8.571428571428573
995.6844919786097 0.0 0.0 0.0 8.142857142857142
995.9946524064171 0.0 0.0 0.0 8.095238095238095
996.3048128342245 0.0 0.0 0.0 8.142857142857142
996.6149732620321 0.0 0.0 0.0 7.571428571428573
996.9251336898396 0.0 0.0 0.0 7.4761904761904745
997.2352941176471 0.0 0.0 0.0 7.904761904761905
997.5454545454545 0.0 0.0 0.0 8.19047619047619
997.855614973262 0.0 0.0 0.0 8.476190476190474
998.1657754010696 0.0 0.0 0.0 8.476190476190474
998.475935828877 0.0 0.0 0.0 8.714285714285715
998.7860962566845 0.0 0.0 0.0 9.142857142857142
999.096256684492 0.0 0.0 0.0 9.19047619047619
999.4064171122994 0.0 0.0 0.0 9.095238095238095
999.716577540107 0.0 0.0 0.0 9.095238095238095
1000.0267379679144 0.0 0.0 0.0 8.523809523809526
1000.336898395722 0.0 0.0 0.0 7.9523809523809526
1000.6470588235294 0.0 0.0 0.0 7.238095238095237
1000.9572192513369 0.0 0.0 0.0 8.095238095238095
1001.2673796791444 0.0 0.0 0.0 9.428571428571427
1001.5775401069519 0.0 0.0 0.0 8.80952380952381
1001.8877005347593 0.0 0.0 0.0 9.333333333333332
1002.1978609625669 0.0 0.0 0.0 9.333333333333332
1002.5080213903743 0.0 0.0 0.0 9.476190476190474
1002.8181818181819 0.0 0.0 0.0 10.476190476190474
1003.1283422459893 0.0 0.0 0.0 10.523809523809526
1003.4385026737968 0.0 0.0 0.0 9.523809523809526
1003.7486631016043 0.0 0.0 0.0 8.80952380952381
1004.0588235294117 0.0 0.0 0.0 8.666666666666668
1004.3689839572193 0.0 0.0 0.0 8.476190476190474
1004.6791443850268 0.0 0.0 0.0 8.571428571428573
1004.9893048128342 0.0 0.0 0.0 8.19047619047619
1005.2994652406417 0.0 0.0 0.0 7.9523809523809526
1005.6096256684492 0.0 0.0 0.0 8.285714285714285
1005.9197860962568 0.0 0.0 0.0 8.285714285714285
1006.2299465240642 0.0 0.0 0.0 8.571428571428573
1006.5401069518716 0.0 0.0 0.0 9.333333333333332
1006.8502673796792 0.0 0.0 0.0 9.571428571428573
1007.1604278074867 0.0 0.0 0.0 10.142857142857142
1007.4705882352941 0.0 0.0 0.0 9.523809523809526
1007.7807486631016 0.0 0.0 0.0 10.38095238095238
1008.0909090909091 0.0 0.0 0.0 10.38095238095238
1008.4010695187166 0.0 0.0 0.0 11.238095238095237
1008.7112299465241 0.0 0.5238095238095255 0.0 12.23809523809524
1009.0213903743315 0.0 0.0 0.0 10.904761904761905
1009.3315508021391 0.0 0.0 0.0 11.095238095238095
1009.6417112299465 0.0 0.0 0.0 11.095238095238095
1009.951871657754 0.0 0.0 0.0 10.904761904761905
1010.2620320855615 0.0 0.0 0.0 10.428571428571427
1010.572192513369 0.0 0.0 0.0 10.285714285714285
1010.8823529411765 0.0 0.0 0.0 10.333333333333332
1011.192513368984 0.0 0.0 0.0 10.666666666666668
1011.5026737967914 0.0 0.0 0.0 10.952380952380953
1011.8128342245989 0.0 0.5238095238095255 0.0 11.61904761904762
1012.1229946524064 0.0 0.8571428571428577 0.0 12.095238095238095
1012.433155080214 0.0 1.1904761904761898 0.0 12.57142857142857
1012.7433155080214 0.0 1.571428571428573 0.0 13.095238095238095
1013.0534759358288 0.002262393162393149 2.2380952380952372 0.0 14.0
1013.3636363636364 0.0 0.04761904761904745 0.0 11.285714285714285
1013.6737967914439 0.0 0.0 0.0 9.19047619047619
1013.9839572192514 0.0 0.0 0.0 7.4761904761904745
1014.2941176470588 0.0 0.0 0.0 5.666666666666668
1014.6042780748663 0.0 0.0 0.0 3.5238095238095255
1014.9144385026739 0.0 0.0 0.0 1.095238095238095
1015.2245989304813 0.0 0.0 0.0 0.3809523809523796
1015.5347593582887 0.0 0.0 0.0 0.0
1015.8449197860963 0.027205769230769224 6.0 3.0 22.0
